0.000000000000000000e+00 8.700547073430390244e-01 0.000000000000000000e+00 1.000301103331485253e+00 0.000000000000000000e+00 1.000247142896469432e+00 0.000000000000000000e+00 1.000059369283700095e+00 0.000000000000000000e+00 1.001198618006561958e+00 0.000000000000000000e+00
1.000000000000000000e+00 9.251279612140493880e-01 -1.533155070302519574e-01 9.915187394383180308e-01 -6.928805943585511495e-02 9.913658422217043187e-01 -6.964443884743712343e-02 9.893566091551354580e-01 -6.991533810862299303e-02 9.820537117476417777e-01 -5.614453316265405336e-02
2.000000000000000000e+00 1.008142089805829533e+00 -2.081965819692547515e-01 9.821606771458046836e-01 -1.339635828680000584e-01 9.819785491725315785e-01 -1.346310056293939794e-01 9.798557385653374752e-01 -1.359123368898031703e-01 9.687977897871523636e-01 -1.280433826768212491e-01
3.000000000000000000e+00 1.039522518699812936e+00 -2.131855260478164038e-01 9.687633979487272340e-01 -1.968494706819111650e-01 9.685234792282507721e-01 -1.978219850885525877e-01 9.654760998034674913e-01 -1.994273006045861607e-01 9.877740912274699525e-01 -2.027851673749217765e-01
4.000000000000000000e+00 1.023368948835867043e+00 -2.303138529569337678e-01 9.539392025827362342e-01 -2.573626141079883300e-01 9.535681259964562395e-01 -2.586335783310238501e-01 9.509602278355122618e-01 -2.632784494096058747e-01 9.279080681135606357e-01 -2.956816342708423195e-01
5.000000000000000000e+00 9.932393834942446764e-01 -2.869888200324796079e-01 9.341232735940643295e-01 -3.182710363868430092e-01 9.334408454076744688e-01 -3.197525883107771860e-01 9.351284520289127045e-01 -3.192211992860415903e-01 9.951693122791007706e-01 -3.571641900520844959e-01
6.000000000000000000e+00 9.712968009220181997e-01 -3.683210014150793965e-01 9.128217834168013134e-01 -3.766898251258769537e-01 9.116815699190644606e-01 -3.780940919818404078e-01 9.095092144170092707e-01 -3.573345214445763918e-01 9.603845571599420872e-01 -2.971963649234208305e-01
7.000000000000000000e+00 9.469099250227172027e-01 -4.566949264132584285e-01 8.884916654341084019e-01 -4.369778442433603916e-01 8.870237119853526808e-01 -4.379085703189686818e-01 8.631221690865726881e-01 -3.983342123315561922e-01 8.645187773580422785e-01 -3.067478475014242534e-01
8.000000000000000000e+00 9.059037335553244974e-01 -5.374471691387364691e-01 8.572318444570362628e-01 -4.968672084243863640e-01 8.558567349394509138e-01 -4.971545226119044036e-01 8.098022616672484464e-01 -4.599249186428816527e-01 7.816693742267694089e-01 -3.975615347874922878e-01
9.000000000000000000e+00 8.499848013846120764e-01 -6.016300230313262887e-01 8.199250338102876956e-01 -5.525973165337201287e-01 8.189603891685731663e-01 -5.524405540426671202e-01 7.681193249612831009e-01 -5.330715961912763090e-01 7.188894941982403308e-01 -4.923985236740421323e-01
1.000000000000000000e+01 7.903199398177538360e-01 -6.457592212770032480e-01 7.798464022162606701e-01 -6.031087466599290847e-01 7.793615827212651004e-01 -6.028103995506469692e-01 7.436888734353750419e-01 -6.044038816130319347e-01 6.943579393596276406e-01 -5.751916396530529774e-01
1.100000000000000000e+01 7.387822851513787814e-01 -6.754545073183605419e-01 7.386600477300133694e-01 -6.504499916453836406e-01 7.384943768413011478e-01 -6.502385577240928916e-01 7.271372114122546249e-01 -6.633802247514991590e-01 6.886266221411131427e-01 -6.540986365090336596e-01
1.200000000000000000e+01 7.021533061826275013e-01 -7.022669735031292770e-01 6.955873730006121303e-01 -6.957505397646279732e-01 6.954859729823295034e-01 -6.956493078781996742e-01 7.037389037067063313e-01 -7.038536728996253045e-01 6.926330818661582400e-01 -6.926539105380998818e-01
1.300000000000000000e+01 6.753558918899433827e-01 -7.389455007817182786e-01 6.502791457200038927e-01 -7.388149712817051462e-01 6.500672005983321178e-01 -7.386485498839655550e-01 6.631929354000345445e-01 -7.272022368179306140e-01 6.538326154751370467e-01 -6.886064180382114319e-01
1.400000000000000000e+01 6.456287841539138928e-01 -7.905336636506741232e-01 6.029296546161785342e-01 -7.799963658330992811e-01 6.026312885873672531e-01 -7.795098958829430602e-01 6.041553000782186045e-01 -7.437561973791211312e-01 5.748833889060444013e-01 -6.944136323119258769e-01
1.500000000000000000e+01 6.014287624302186996e-01 -8.502076406821550414e-01 5.524019154763809558e-01 -8.200702313011160038e-01 5.522462271568472358e-01 -8.191037158371610172e-01 5.327944765330069332e-01 -7.682409523443127775e-01 4.920781696978842046e-01 -7.190472177590605529e-01
1.600000000000000000e+01 5.371742817937514847e-01 -9.060906932952349502e-01 4.966518470291597653e-01 -8.573599922568796439e-01 4.969412524341095816e-01 -8.559837295582194416e-01 4.596649165293050232e-01 -8.099900185176261980e-01 3.971826292450452711e-01 -7.819598211147512634e-01
1.700000000000000000e+01 4.563738398393651363e-01 -9.470282140314937314e-01 4.367528585303805388e-01 -8.885935700132484572e-01 4.376859033527649157e-01 -8.871261173566897806e-01 3.981438765206110619e-01 -8.633219089961657877e-01 3.064842276034293045e-01 -8.648587070870831228e-01
1.800000000000000000e+01 3.679964254707196458e-01 -9.713760906592838751e-01 3.764716639890106076e-01 -9.129026078339314010e-01 3.778769153423468530e-01 -9.117639549546805444e-01 3.572086832662857980e-01 -9.096503988904462989e-01 2.975292238749325802e-01 -9.607635765094268976e-01
1.900000000000000000e+01 2.867221658780905180e-01 -9.933443464195814698e-01 3.180548426430914732e-01 -9.342020034891929114e-01 3.195358762702259492e-01 -9.335209541837604652e-01 3.190546117512002011e-01 -9.351860849081053972e-01 3.573487342824477886e-01 -9.947447413242692660e-01
2.000000000000000000e+01 2.301803646469557652e-01 -1.023482073881625043e+00 2.571310189391368128e-01 -9.539996589918270375e-01 2.584007749286415523e-01 -9.536294365241876347e-01 2.630205618950874347e-01 -9.510196714940170049e-01 2.948101792288070344e-01 -9.279272092123717064e-01
2.100000000000000000e+01 2.131852733515654796e-01 -1.039523877093677884e+00 1.966259987089424011e-01 -9.688254005879013420e-01 1.975972276013941986e-01 -9.685857578444574401e-01 1.992021354190497140e-01 -9.655524702712658947e-01 2.031103072432430545e-01 -9.877198557987812988e-01
2.200000000000000000e+01 2.081393620284349155e-01 -1.007913245779914257e+00 1.337188954844622524e-01 -9.822075069133591185e-01 1.343848461265159944e-01 -9.820259606842243194e-01 1.356742843989346137e-01 -9.799173578181709088e-01 1.280046267011214489e-01 -9.683697913475403096e-01
2.300000000000000000e+01 1.529530795628261941e-01 -9.248047111660180342e-01 6.906608487214757619e-02 -9.915544189039714462e-01 6.942127773067632845e-02 -9.914012071179478802e-01 6.971652364933787760e-02 -9.893950563992301994e-01 5.611779488760562651e-02 -9.816919994240054237e-01
2.400000000000000000e+01 -9.474834536374485095e-04 -8.700088373253704876e-01 -5.526546319508675829e-04 -1.000261853585681981e+00 -5.530458286998327696e-04 -1.000208409262996589e+00 -4.907342054850990370e-04 -1.000028256153545181e+00 -1.166316758068765535e-04 -1.001195436496835400e+00
2.500000000000000000e+01 -1.536770033661017665e-01 -9.254525461631945005e-01 -6.950974311500547620e-02 -9.914854572687923362e-01 -6.986729726697268883e-02 -9.913329287307630633e-01 -7.011401197254302220e-02 -9.893212068635605094e-01 -5.618492652383801078e-02 -9.824180839748694050e-01
2.600000000000000000e+01 -2.082531722668918284e-01 -1.008369340751318566e+00 -1.342079916879668489e-01 -9.821126457484663508e-01 -1.348768438785871993e-01 -9.819299150344442673e-01 -1.361498855870688085e-01 -9.797931494560698784e-01 -1.280840757019291176e-01 -9.692217136135463651e-01
2.700000000000000000e+01 -2.131855929472365740e-01 -1.039519796078195446e+00 -1.970725995932842700e-01 -9.687007719002252992e-01 -1.980464040621260635e-01 -9.684605708527597168e-01 -1.996520917298283682e-01 -9.653990579354981838e-01 -2.024510993769067790e-01 -9.878204590107062533e-01
2.800000000000000000e+01 -2.304478709759881228e-01 -1.023254941884286451e+00 -2.575940502524741160e-01 -9.538779354962845236e-01 -2.588662157453828216e-01 -9.535060032615002568e-01 -2.635359845750285812e-01 -9.508998522482196014e-01 -2.965527597139552274e-01 -9.278890350807381671e-01
2.900000000000000000e+01 -2.872556143660695005e-01 -9.931339482900906068e-01 -3.184869691255507451e-01 -9.340439344754194462e-01 -3.199690367033735661e-01 -9.333601255438529476e-01 -3.193873545699085215e-01 -9.350700303978923822e-01 -3.569795549003284552e-01 -9.955893249365407316e-01
3.000000000000000000e+01 -3.686454404313878053e-01 -9.712168697083024549e-01 -3.769077841320239153e-01 -9.127403509094845768e-01 -3.783110608485502624e-01 -9.115985795884182785e-01 -3.574601722244615254e-01 -9.093671569679041555e-01 -2.968639212222817236e-01 -9.600052025726910632e-01
3.100000000000000000e+01 -4.570156200656984025e-01 -9.467908154331630133e-01 -4.372025629598779162e-01 -8.883891294951710149e-01 -4.381309668322550532e-01 -8.869206832382644512e-01 -3.985246424789199438e-01 -8.629218113776701005e-01 -3.070120934539908308e-01 -8.641786487408091855e-01
3.200000000000000000e+01 -5.377195038304448671e-01 -9.057160646317415909e-01 -4.970822330663540178e-01 -8.571031311704828681e-01 -4.973674588301054134e-01 -8.557291798969313135e-01 -4.601848273135484835e-01 -8.096142396975620770e-01 -3.979402259335845793e-01 -7.813786979170440627e-01
3.300000000000000000e+01 -6.018306480434788552e-01 -8.497614771477360884e-01 -5.527923506527682163e-01 -8.197793730053318795e-01 -5.526345183617671353e-01 -8.188166006617915160e-01 -5.333484093650503466e-01 -7.679975602834450132e-01 -4.927183980938830699e-01 -7.187320743134334444e-01
3.400000000000000000e+01 -6.458891077591795149e-01 -7.901059574441414712e-01 -6.032875030158703078e-01 -7.796960472429369515e-01 -6.029891781910883264e-01 -7.792128759322489717e-01 -6.046519897346409600e-01 -7.436213066605653621e-01 -5.754995649102855326e-01 -6.943020428392348009e-01
3.500000000000000000e+01 -6.755527498100477590e-01 -7.386189944355363579e-01 -6.506205168783443238e-01 -7.385047631096512966e-01 -6.504095944396834916e-01 -7.383398389323322375e-01 -6.635669442071018276e-01 -7.270717557003429921e-01 -6.543638118051342545e-01 -6.886467097476228760e-01
3.600000000000000000e+01 -7.023805220344390143e-01 -7.020395201448631495e-01 -6.959133843080455017e-01 -6.954238842348671179e-01 -6.958123178770313499e-01 -6.953223134169322917e-01 -7.039678961973656612e-01 -7.036235884325452439e-01 -6.926738396294898070e-01 -6.926113484014254640e-01
3.700000000000000000e+01 -7.391086932435614321e-01 -6.752569507752795852e-01 -7.389695851785459402e-01 -6.501080247073938168e-01 -7.388024094637791750e-01 -6.498955686656336939e-01 -7.272668833550444134e-01 -6.630051228557705123e-01 -6.885861483870366895e-01 -6.535658011649986276e-01
3.800000000000000000e+01 -7.907472390400688278e-01 -6.454978862627321901e-01 -7.801460467870222626e-01 -6.027503111468316410e-01 -7.796579240551955170e-01 -6.024519295309765932e-01 -7.438233829960779753e-01 -6.039063302528956401e-01 -6.944692180538788451e-01 -5.745748943858050017e-01
3.900000000000000000e+01 -8.504301728588828935e-01 -6.012269926693334376e-01 -8.202151367668651938e-01 -5.522062633247531993e-01 -8.192467517706435443e-01 -5.520516535123231039e-01 -7.683626033237679342e-01 -5.325171629668797868e-01 -7.192053959714342914e-01 -4.917574379592233869e-01
4.000000000000000000e+01 -9.062771964588119955e-01 -5.369009926577944514e-01 -8.574878136067466405e-01 -4.964362879900109382e-01 -8.561104024210465235e-01 -4.967277874764300938e-01 -8.101777352513018782e-01 -4.594049504572589315e-01 -7.822502546846068494e-01 -3.968036237767592622e-01
4.100000000000000000e+01 -9.471460134486682225e-01 -4.560525206964681222e-01 -8.886951531508034963e-01 -4.365277588283972277e-01 -8.872282087473734036e-01 -4.374631192275055258e-01 -8.635213309283135130e-01 -3.979537743660522264e-01 -8.651987401985665738e-01 -3.062213433378720429e-01
4.200000000000000000e+01 -9.714551462631135781e-01 -3.676718679505178167e-01 -9.129832065665952623e-01 -3.762534585054743141e-01 -9.118461166311769839e-01 -3.776596892968557273e-01 -9.097910904082145978e-01 -3.570828052473387082e-01 -9.611426429903399127e-01 -2.978625416965022255e-01
4.300000000000000000e+01 -9.934493216005539917e-01 -2.864557933985678595e-01 -9.342805799946277689e-01 -3.178385428932936074e-01 -9.336009074360954729e-01 -3.193190563205908772e-01 -9.352433883916148050e-01 -3.188877482277543973e-01 -9.943162086933374777e-01 -3.575333428381485823e-01
4.400000000000000000e+01 -1.023594888905509759e+00 -2.300475329729858021e-01 -9.540598377870203040e-01 -2.568994104579876425e-01 -9.536904675012748411e-01 -2.581679519192824346e-01 -9.510787127647956085e-01 -2.627624773939388203e-01 -9.279470130457118104e-01 -2.939386353466879598e-01
4.500000000000000000e+01 -1.039524501220690178e+00 -2.131849501000180613e-01 -9.688873845529921702e-01 -1.964023022755272685e-01 -9.686480117785777333e-01 -1.973722513732984185e-01 -9.656287700859971235e-01 -1.989767195436752678e-01 -9.876584132755497070e-01 -2.034265200609936264e-01
4.600000000000000000e+01 -1.007683589929848189e+00 -2.080817234081362155e-01 -9.822538274361792832e-01 -1.334740340432883088e-01 -9.820728366860830283e-01 -1.341384739057283060e-01 -9.799786748714203188e-01 -1.354358339141908119e-01 -9.679392584449187931e-01 -1.279679395365351247e-01
4.700000000000000000e+01 -9.244852547987485458e-01 -1.525890936268459452e-01 -9.915935007045758587e-01 -6.884339906635261741e-02 -9.914399716710401433e-01 -6.919738312694534432e-02 -9.894372782931183385e-01 -6.951702522908521920e-02 -9.813343627524222512e-01 -5.610461657158948706e-02
4.800000000000000000e+01 -8.698798026400137440e-01 1.859203997213672343e-03 -1.000150916248735422e+00 1.077367932975678566e-03 -1.000098919886025062e+00 1.078597007630404487e-03 -9.999404350185777668e-01 9.595097649400732972e-04 -1.001186719806186121e+00 2.336846841932604588e-04
4.900000000000000000e+01 -9.257775187216779056e-01 1.540372554125602478e-01 -9.914551579135637560e-01 6.973148909894515135e-02 -9.913030925752701616e-01 7.009025242438138292e-02 -9.892895746312818650e-01 7.031318426981368608e-02 -9.827853278534046666e-01 5.623934033977888436e-02
5.000000000000000000e+01 -1.008595750566774862e+00 2.083092126387200704e-01 -9.820641596538344231e-01 1.344522109702008250e-01 -9.818808106841395711e-01 1.351224477055258388e-01 -9.797303592980649567e-01 1.363870247056771789e-01 -9.696414729539950539e-01 1.281267705999363793e-01
5.100000000000000000e+01 -1.039516490750316491e+00 2.131856509377999254e-01 -9.686382357496446938e-01 1.972955348363947536e-01 -9.683977454058835255e-01 1.982706340356310826e-01 -9.653220578022950749e-01 1.998766569746286137e-01 -9.878596417592289125e-01 2.021083973230948794e-01
5.200000000000000000e+01 -1.023140766468284335e+00 2.305825809736287146e-01 -9.538165230154646013e-01 2.578255050048341990e-01 -9.534437335395408164e-01 2.590988657400477568e-01 -9.508392098863511777e-01 2.637933428675854342e-01 -9.278707216816243220e-01 2.974236788719935021e-01
5.300000000000000000e+01 -9.930286999193470576e-01 2.875227379520844950e-01 -9.339646058992422395e-01 3.187028524291538045e-01 -9.332794138422294550e-01 3.201854339822933215e-01 -9.350114374568234688e-01 3.195532889785882569e-01 -9.960053303711642325e-01 3.567950835316223701e-01
5.400000000000000000e+01 -9.711369064095691783e-01 3.689699728705803095e-01 -9.126588834250292104e-01 3.771257776381297111e-01 -9.115155563514177883e-01 3.785280594595156201e-01 -9.092247985503379981e-01 3.575858621656016201e-01 -9.596261348614145703e-01 2.965321608344927418e-01
5.500000000000000000e+01 -9.466714463388287149e-01 4.573361908745739446e-01 -8.882864893077495605e-01 4.374272734749296565e-01 -8.868175573662878675e-01 4.383533522769967883e-01 -8.627213491282108571e-01 3.987154030131120352e-01 -8.638388332713263784e-01 3.072771450103313762e-01
5.600000000000000000e+01 -9.055281924585873998e-01 5.379915852552324962e-01 -8.569743311802804353e-01 4.972971980685924609e-01 -8.556015424317341411e-01 4.975803383712681938e-01 -8.094264056676804264e-01 4.604448983674638285e-01 -7.810882305479155407e-01 3.983189213717616695e-01
5.700000000000000000e+01 -8.495381128519825520e-01 6.020309520424241834e-01 -8.196336783222537559e-01 5.529873070403474866e-01 -8.186727792330786846e-01 5.528284092413635609e-01 -7.678760601948413367e-01 5.336251942713626795e-01 -7.185753337796375595e-01 4.930380521932004600e-01
5.800000000000000000e+01 -7.898921026702169224e-01 6.460187594292438051e-01 -7.795456819272190696e-01 6.034662183522992995e-01 -7.790641562823215072e-01 6.031679190220671227e-01 -7.435538596048837379e-01 6.048999191142642173e-01 -6.942462825111382907e-01 5.758074444546934512e-01
5.900000000000000000e+01 -7.384559632591399803e-01 6.756509257411268399e-01 -7.383494525083362792e-01 6.507910163949741644e-01 -7.381852711690446434e-01 6.505806056128783377e-01 -7.270061987849298912e-01 6.637533944276582387e-01 -6.886669903547479876e-01 6.546284314501580326e-01
6.000000000000000000e+01 -7.019259093665086713e-01 7.024942458474691120e-01 -6.952603648103549139e-01 6.960761978777012526e-01 -6.951586204910397138e-01 6.959752941748035271e-01 -7.035080214710409674e-01 7.040818686062354503e-01 -6.925889949265663370e-01 6.926931643904964409e-01
6.100000000000000000e+01 -6.751579432398835401e-01 7.392721466466141145e-01 -6.499368782740910788e-01 7.391241729959910911e-01 -6.497239115235550200e-01 7.389562390929274027e-01 -6.628170419258826440e-01 7.273314308954135221e-01 -6.532984511141363138e-01 6.885660803672780661e-01
6.200000000000000000e+01 -6.453667525359169099e-01 7.909609417956591226e-01 -6.025709265699108474e-01 7.802957172199609381e-01 -6.022725326044944261e-01 7.798059392208744889e-01 -6.036571835057122914e-01 7.438906905700819472e-01 -5.742663578735276442e-01 6.945249384208801446e-01
6.300000000000000000e+01 -6.010249029473315741e-01 8.506526649624204239e-01 -5.520105335457266005e-01 8.203600074942980491e-01 -5.518570065247819789e-01 8.193897539666744612e-01 -5.322398235537338929e-01 7.684845193355029913e-01 -4.914364814415461691e-01 7.193642552158147074e-01
6.400000000000000000e+01 -5.366274522984439965e-01 9.064634958570773060e-01 -4.962206701760985550e-01 8.576155476874774974e-01 -4.965142666806847682e-01 8.562369923385925174e-01 -4.591451496214178918e-01 8.103656370768386186e-01 -3.964246324387455389e-01 7.825408913821921830e-01
6.500000000000000000e+01 -4.557310811881358781e-01 9.472635552749417709e-01 -4.363026521592142659e-01 8.887966318683998557e-01 -4.372403251565217808e-01 8.873302028098094540e-01 -3.977640032773434586e-01 8.637206445701858248e-01 -3.059592718886111062e-01 8.655390888120728654e-01
6.600000000000000000e+01 -3.673474067577239821e-01 9.715341718059272713e-01 -3.760352873650646410e-01 9.130637709914303235e-01 -3.774424928244271560e-01 9.119282460957877090e-01 -3.569569600030781387e-01 9.099314787192706033e-01 -2.981963009140071175e-01 9.615219376153232300e-01
6.700000000000000000e+01 -2.861897537031142802e-01 9.935544817285625330e-01 -3.176221919723262177e-01 9.343591656557040936e-01 -3.191021835688332975e-01 9.336808676562331488e-01 -3.187206645573760766e-01 9.353005282431692269e-01 -3.577180577247897619e-01 9.938839995805639482e-01
6.800000000000000000e+01 -2.299153881537464306e-01 1.023707537208596419e+00 -2.566678263708134788e-01 9.541198726975399502e-01 -2.579351471531894924e-01 9.537513524033179868e-01 -2.625042408136771810e-01 9.511374831934159557e-01 -2.930671111449334454e-01 9.279676461679552402e-01
6.900000000000000000e+01 -2.131845626122165771e-01 1.039524474127964115e+00 -1.961783968226202823e-01 9.689494472851505336e-01 -1.971470724704724453e-01 9.687103389865640013e-01 -1.987510718629000028e-01 9.657050947543686092e-01 -2.037337199945324639e-01 9.875899067214096716e-01
7.000000000000000000e+01 -2.080237065279052500e-01 1.007453315885611378e+00 -1.332290159621902226e-01 9.822997136181126354e-01 -1.338919107683902154e-01 9.821192475496887120e-01 -1.351970064310280273e-01 9.800397424967095539e-01 -1.279333787121404165e-01 9.675071530403964726e-01
7.100000000000000000e+01 -1.522217592884574644e-01 9.241707779744530171e-01 -6.861932337898206391e-02 9.916361813396196156e-01 -6.897210373976039866e-02 9.914822815279379364e-01 -6.931625098406445085e-02 9.894831773014099996e-01 -5.610499788430320378e-02 9.809816474160530930e-01
7.200000000000000000e+01 2.706261511565900921e-03 8.696895025265228840e-01 1.551364148207560762e-03 9.999849858866477481e-01 1.554237288858514995e-03 9.999350886312011744e-01 1.388404816545429563e-03 9.998089942950916242e-01 3.515490376230354834e-04 1.001172440416878695e+00
7.300000000000000000e+01 1.543948740823549992e-01 9.261018753211629484e-01 6.995350317661531980e-02 9.914277395316386521e-01 7.031357725512600576e-02 9.912762390597723572e-01 7.051340829398934640e-02 9.892615510491692410e-01 5.630829155727778285e-02 9.831548723070725471e-01
7.400000000000000000e+01 2.083646350817492943e-01 1.008821351693760970e+00 1.346962242528812193e-01 9.820152122846214082e-01 1.353677988569683965e-01 9.818312354950132770e-01 1.366237451213219711e-01 9.796673850638037973e-01 1.281714453513383423e-01 9.700562640743759513e-01
7.500000000000000000e+01 2.131857220179237955e-01 1.039512619163671658e+00 1.975182817664194457e-01 9.685757925834634907e-01 1.984946797447776912e-01 9.683350055813166879e-01 2.001009986622162284e-01 9.652451050272825572e-01 2.017572259311695981e-01 9.878915965731625004e-01
7.600000000000000000e+01 2.307179844109506772e-01 1.023026421595798929e+00 2.580569765396854010e-01 9.537549646953276117e-01 2.593315265475589215e-01 9.533813165776157117e-01 2.640505162530124017e-01 9.507783023445207649e-01 2.982943017229571225e-01 9.278530927503142456e-01
7.700000000000000000e+01 2.877901897805090758e-01 9.929236388961332205e-01 3.189186870078675184e-01 9.338852882592242333e-01 3.204017808382352839e-01 9.331987106324243220e-01 3.197190023581866214e-01 9.349526706559032618e-01 3.566107924833309961e-01 9.964172218470592757e-01
7.800000000000000000e+01 3.692945979523885036e-01 9.710569103061651441e-01 3.773438058159954700e-01 9.125773806894833529e-01 3.787450879897771294e-01 9.114324999249937553e-01 3.577115934702607136e-01 9.090821398280884980e-01 2.962011655934896903e-01 9.592473719744982752e-01
7.900000000000000000e+01 4.576566382047909110e-01 9.465518170503189888e-01 4.376519755049299021e-01 8.881837448751698227e-01 4.385757264055412663e-01 8.867143343824794854e-01 3.989064938014340589e-01 8.625207834803009233e-01 3.075429999160215755e-01 8.634993299371173103e-01
8.000000000000000000e+01 5.382634129042814797e-01 9.053401170931925090e-01 4.975121032633798013e-01 8.568454446050015605e-01 4.977931610750798153e-01 8.554738226488514119e-01 4.607051309999080635e-01 8.092387604145097058e-01 3.986976180517372570e-01 7.807979739302318700e-01
8.100000000000000000e+01 6.022309348330524559e-01 8.493147083683628695e-01 5.531821857729615211e-01 8.194879499654931232e-01 5.530222267598021713e-01 8.185289250730017896e-01 5.339019502590784949e-01 7.677548244733165550e-01 4.933574876631696138e-01 7.184192718866863059e-01
8.200000000000000000e+01 6.461481767335960358e-01 7.896783754457991078e-01 6.036448927976394430e-01 7.793953062436804746e-01 6.033466221628122073e-01 7.789154237360719213e-01 6.051476692857798989e-01 7.434865314822836080e-01 5.761152772320087267e-01 6.941906589435973274e-01
8.300000000000000000e+01 6.757490351460164746e-01 7.382931910304880718e-01 6.509614901915260488e-01 7.381941158728781982e-01 6.507515912277591630e-01 7.380306734980466299e-01 6.639395752380838900e-01 7.269405398965167464e-01 6.548924889237621727e-01 6.886874610919686557e-01
8.400000000000000000e+01 7.026081449938046397e-01 7.018124737569692018e-01 6.962389804600729315e-01 6.950968147413529863e-01 6.961382367496187218e-01 6.949948942274144503e-01 7.041955904607283268e-01 7.033922024962242503e-01 6.927118900347409847e-01 6.925660161806981296e-01
8.500000000000000000e+01 7.394358615150217195e-01 6.750588693003923835e-01 7.392787347882350257e-01 6.497657064226914914e-01 7.391100388259614906e-01 6.495522291868690568e-01 7.273958802133231316e-01 6.626286927924437409e-01 6.885462168381319970e-01 6.530305717748968730e-01
8.600000000000000000e+01 7.911747719492493447e-01 6.452353825916716801e-01 7.804453771549262342e-01 6.023915007552104184e-01 7.799539414131164694e-01 6.020930976867899798e-01 7.439581208822407810e-01 6.034078603064279012e-01 6.945807929992042773e-01 5.739577804499994551e-01
8.700000000000000000e+01 8.508751171015335180e-01 6.008224935454120619e-01 8.205048432766355315e-01 5.518147260670756005e-01 8.195327222322948968e-01 5.516622861199850236e-01 7.686067005886161319e-01 5.319624589466814824e-01 7.195237960789263587e-01 4.911152985067300247e-01
8.800000000000000000e+01 9.066495914117951305e-01 5.363536612639846490e-01 8.577431943838591533e-01 4.960049937559192768e-01 8.563634992093643872e-01 4.963006902077844451e-01 8.105537231423710631e-01 4.588855148287658836e-01 7.828317294680038341e-01 3.960456583160583133e-01
8.900000000000000000e+01 9.473808402287838826e-01 4.554095219727949395e-01 8.888980061690715528e-01 4.360775388109298656e-01 8.874320995360653885e-01 4.370175213921493329e-01 8.639198487874014676e-01 3.975745633619595099e-01 8.658797538625253587e-01 3.056980155178128378e-01
9.000000000000000000e+01 9.716131680063744280e-01 3.670230426865750961e-01 9.131443013711455503e-01 3.758171503917191458e-01 9.120103436205815317e-01 3.772253257437497842e-01 9.100715631532946270e-01 3.568311453383383736e-01 9.619014396632471486e-01 2.985304226770717495e-01
9.100000000000000000e+01 9.936598261773903484e-01 2.859240478422749865e-01 9.344377600300320941e-01 3.174057891926591046e-01 9.337608344673601346e-01 3.188852573390129619e-01 9.353575070961754889e-01 3.185533608842755493e-01 9.934482269957931599e-01 3.579028573681572456e-01
9.200000000000000000e+01 1.023820019067739118e+00 2.297839281391767796e-01 9.541797643510812055e-01 2.564362684456303332e-01 9.538120916535747229e-01 2.577023623734771007e-01 9.511959817336940182e-01 2.622458603493156293e-01 9.279891458113785907e-01 2.921956663448980751e-01
9.300000000000000000e+01 1.039523767708268487e+00 2.131840981155330161e-01 9.690115845209003043e-01 1.959542772870439820e-01 9.687727357894058144e-01 1.969216863133375073e-01 9.657814387439077608e-01 1.985251904894478059e-01 9.875143759958791012e-01 2.040318184647432476e-01
9.400000000000000000e+01 1.007222572755483991e+00 2.079652781245840687e-01 9.823451706329482391e-01 1.329838467927557943e-01 9.821651946778711118e-01 1.336451672706923388e-01 9.801005456180351683e-01 1.349578142149004678e-01 9.670743998411412967e-01 1.279009962459487504e-01
9.500000000000000000e+01 9.238613473524982522e-01 1.518486828960942669e-01 9.916824177247872685e-01 6.839300635079362256e-02 9.915280686351348738e-01 6.874464422358697591e-02 9.895325184284897713e-01 6.911362751420335737e-02 9.806348523824848229e-01 5.611900340446998592e-02
9.600000000000000000e+01 8.694693440045730970e-01 -3.471965631154830256e-03 9.997880756612390618e-01 -1.961067267697064968e-03 9.997405241880094051e-01 -1.966593917312798624e-03 9.996527813529157980e-01 -1.766700103104936219e-03 1.001152572830525722e+00 -4.705504105250015519e-04
9.700000000000000000e+01 9.264257165461838861e-01 -1.547480415722408964e-01 9.914032223950330902e-01 -7.017600552668663838e-02 9.912523549172155279e-01 -7.053755902225040952e-02 9.892368907314473825e-01 -7.071519365184548989e-02 9.835260681978424957e-01 -5.639247304807269712e-02
9.800000000000000000e+01 1.009046218614927160e+00 -2.084194066750664764e-01 9.819657981139556790e-01 -1.349400123317086031e-01 9.817811900650758039e-01 -1.356128772823782802e-01 9.796042440955891051e-01 -1.368600385378803130e-01 9.704653113419056121e-01 -1.282180915292180090e-01
9.900000000000000000e+01 1.039508194407323227e+00 -2.131858288272083235e-01 9.685134451966389557e-01 -1.977408457631493199e-01 9.682723538336829305e-01 -1.987185459260858988e-01 9.651682052466651340e-01 -2.003251192309911388e-01 9.879162781565659079e-01 -2.013977695213944041e-01
1.000000000000000000e+02 1.022911906114890579e+00 -2.308540825625031989e-01 9.536932601375380791e-01 -2.582884630214519195e-01 9.533187521654618024e-01 -2.595641963980199196e-01 9.507171313508268051e-01 -2.643074967459842495e-01 9.278361141865192341e-01 -2.991645306820058248e-01
1.010000000000000000e+02 9.928187657070411953e-01 -2.880579688489069978e-01 9.338059819366841818e-01 -3.191344735768286700e-01 9.331180162321924820e-01 -3.206180779648868939e-01 9.348937274661771601e-01 -3.198844945533114714e-01 9.968248943946563800e-01 -3.564266970499661569e-01
1.020000000000000000e+02 9.709768806780172401e-01 -3.696193148997425904e-01 9.124958424260728451e-01 -3.775618688362313291e-01 9.113494100233441308e-01 -3.789621466126877336e-01 9.089391814629309563e-01 -3.578373683419716622e-01 9.588689311237428292e-01 -2.958710179090098258e-01
1.030000000000000000e+02 9.464319268855646561e-01 -4.579769614270949862e-01 8.880808962022286313e-01 -4.378766687674334745e-01 8.866110143010632605e-01 -4.387980889714084287e-01 8.623201155778102978e-01 -3.990979147051584297e-01 8.631601377078942372e-01 -3.078096559173207347e-01
1.040000000000000000e+02 9.051518385880135131e-01 -5.385349862789301500e-01 8.567164715640139816e-01 -4.977269484831671198e-01 8.553460206541044775e-01 -4.980059267813605195e-01 8.090513047712873940e-01 -4.609655244068500135e-01 7.805079298924785247e-01 -3.990763129322364433e-01
1.050000000000000000e+02 8.490912635640364137e-01 -6.024305962418543547e-01 8.193421881388682770e-01 -5.533769869281230935e-01 8.183850383714945664e-01 -5.532159709963986316e-01 7.676338528936379468e-01 -5.341786766775461492e-01 7.182638878940038607e-01 -4.936767062075592682e-01
1.060000000000000000e+02 7.894647757170003555e-01 -6.462773601348089647e-01 7.792449201662948743e-01 -6.038235264798365032e-01 7.787666782575268787e-01 -6.035252877320486098e-01 7.434193215055813209e-01 -6.053952397838640032e-01 6.941351727431184226e-01 -5.764230621955396261e-01
1.070000000000000000e+02 7.381306771418725265e-01 -6.758470780725553961e-01 7.380387531503256326e-01 -6.511319382639573217e-01 7.378760458662197985e-01 -6.509225512681151571e-01 7.268747782667551727e-01 -6.641254864648824530e-01 6.887081190872632597e-01 -6.551559776911589639e-01
1.080000000000000000e+02 7.016992132157212625e-01 -7.027222195156881401e-01 6.949332340423054477e-01 -6.964017320418136592e-01 6.948311346490114726e-01 -6.963011455797817328e-01 7.032761311841007057e-01 -7.043090620973044835e-01 6.925424068921924858e-01 -6.927300217622346379e-01
1.090000000000000000e+02 6.749597289854371018e-01 -7.395998383555200117e-01 6.495945091554795603e-01 -7.394332706097056507e-01 6.493805216700397898e-01 -7.392638087177025863e-01 6.624400756390929068e-01 -7.274602320841733194e-01 6.527621695794276757e-01 -6.885265606548556239e-01
1.100000000000000000e+02 6.451037760639972696e-01 -7.913887295273323019e-01 6.022120335720603235e-01 -7.805950266143089067e-01 6.019136246562372117e-01 -7.801019306644719764e-01 6.031583611255980637e-01 -7.440256747124780468e-01 5.736491632016128550e-01 -6.946367814142634378e-01
1.110000000000000000e+02 6.006197647657456340e-01 -8.510975293786871010e-01 5.516188408176033731e-01 -8.206496439065106285e-01 5.514674922246841637e-01 -8.196756563739447943e-01 5.316850697993018571e-01 -7.687291472890834809e-01 4.907938875302870763e-01 -7.196840191170494894e-01
1.120000000000000000e+02 5.360796201119408799e-01 -9.068354830389260268e-01 4.957892588981082649e-01 -8.578707535814541485e-01 4.960870582187335009e-01 -8.564899229326827790e-01 4.586260468869314821e-01 -8.107419925924551629e-01 3.956667045021305951e-01 -7.831227672208207480e-01
1.130000000000000000e+02 4.550878437145279842e-01 -9.474978690355475575e-01 4.358524190727442460e-01 -8.889992760574341180e-01 4.367947081878760796e-01 -8.875338989194830885e-01 3.973854547212026800e-01 -8.641189424475452796e-01 3.054375764920066461e-01 -8.662207362642024844e-01
1.140000000000000000e+02 3.666987765352107131e-01 -9.716921355830001605e-01 3.755990474084759390e-01 -9.132247979656170633e-01 3.770081878720997759e-01 -9.120924094748288358e-01 3.567053590602765611e-01 -9.102113430383337311e-01 2.988648290450293121e-01 -9.622811277686281750e-01
1.150000000000000000e+02 2.856586768797730325e-01 -9.937653542929177908e-01 3.171893338731128775e-01 -9.345163626633005149e-01 3.186682769595147735e-01 -9.338408074809785298e-01 3.183858373490067173e-01 -9.354143276047367506e-01 3.580877189266751248e-01 -9.930090053051673360e-01
1.160000000000000000e+02 2.296531507725295407e-01 -1.023932334569616076e+00 2.562047384320476628e-01 -9.542395134195680306e-01 2.574695993135354688e-01 -9.538726857172664664e-01 2.619873442268613184e-01 -9.512542074793706171e-01 2.913243532127479107e-01 -9.280115491869899147e-01
1.170000000000000000e+02 2.131835475087606180e-01 -1.039522352126475369e+00 1.957299387278181590e-01 -9.690737917068911189e-01 1.966960884009791022e-01 -9.688351982599912038e-01 1.982990736375591090e-01 -9.658577965537009646e-01 2.043207448559820893e-01 -9.874318617671131726e-01
1.180000000000000000e+02 2.079063358856633736e-01 -1.006991508656448042e+00 1.327385298767261301e-01 -9.823902019576227218e-01 1.333982522979169083e-01 -9.822106786345388141e-01 1.347182702631855300e-01 -9.801610697316314180e-01 1.278708447932140058e-01 -9.666419529528352816e-01
1.190000000000000000e+02 1.514675151496000793e-01 -9.235557520801153109e-01 6.816352697217058221e-02 -9.917318689676168919e-01 6.851414997771801407e-02 -9.915770051487829972e-01 6.890862077074266789e-02 -9.895849662929515622e-01 5.614668484472326582e-02 -9.802951686381827789e-01
1.200000000000000000e+02 -4.154514239465591230e-03 -8.692538350894656318e-01 -2.304143020187255329e-03 -9.995867190131643154e-01 -2.313342890326803084e-03 -9.995413127050929436e-01 -2.092501630517067026e-03 -9.994926490908375705e-01 -5.909280569381584027e-04 -1.001127136342207402e+00
1.210000000000000000e+02 -1.550951835148138835e-01 -9.267503311767003593e-01 -7.039932360438376502e-02 -9.913817002574601966e-01 -7.076257003749515662e-02 -9.912314646894344605e-01 -7.091899437993995359e-02 -9.892152746672003838e-01 -5.649269960094753518e-02 -9.838981159598189086e-01
1.220000000000000000e+02 -2.084735451531164185e-01 -1.009270447467466969e+00 -1.351835534467056565e-01 -9.819159131890611292e-01 -1.358576613255373655e-01 -9.817306765847250150e-01 -1.370958975001569935e-01 -9.795409540619278710e-01 -1.282667160501763381e-01 -9.708678653330209407e-01
1.230000000000000000e+02 -2.131859940048247415e-01 -1.039503226346232267e+00 -1.979632322124632859e-01 -9.684511960963407828e-01 -1.989422373025645785e-01 -9.682097923834259712e-01 -2.005490212366015657e-01 -9.650913641050322678e-01 -2.010302320314167057e-01 -9.879336381658767596e-01
1.240000000000000000e+02 -2.309908765011117193e-01 -1.022797218724565971e+00 -2.585199626060298850e-01 -9.536314089906345881e-01 -2.597968735205405388e-01 -9.532560401354746027e-01 -2.645642764135411884e-01 -9.506556987652899915e-01 -3.000342606605885809e-01 -9.278197531753022975e-01
1.250000000000000000e+02 -2.883260741613603573e-01 -9.927140808114377490e-01 -3.193502128558037834e-01 -9.337266873004994583e-01 -3.208343260586554724e-01 -9.330373309474057075e-01 -3.200497654074747622e-01 -9.348346053795405508e-01 -3.562428112928284762e-01 -9.972282448865955606e-01
1.260000000000000000e+02 -3.699441229386215002e-01 -9.708968168045759572e-01 -3.777799668681958156e-01 -9.124142683552032285e-01 -3.791792354998573811e-01 -9.112662863579459316e-01 -3.579631889853238103e-01 -9.087959241145693312e-01 -2.955418006970843559e-01 -9.584908287691109585e-01
1.270000000000000000e+02 -4.582971599180964972e-01 -9.463117751699019475e-01 -4.381013529811386698e-01 -8.879779432951671048e-01 -4.390204397292901128e-01 -8.865075971374046793e-01 -3.992896655795534766e-01 -8.621193465663323785e-01 -3.080771107605226322e-01 -8.628212555360802449e-01
1.280000000000000000e+02 -5.388063048908356967e-01 -9.049633569908316355e-01 -4.979417335605851869e-01 -8.565874121774825767e-01 -4.982186353300692150e-01 -8.552181365541510205e-01 -4.612260777849567783e-01 -8.088640395675660288e-01 -3.994550029811193559e-01 -7.802181002806428678e-01
1.290000000000000000e+02 -6.026299361169916713e-01 -8.488677783027994694e-01 -5.535717105843454000e-01 -8.191963930455696818e-01 -5.534096420314281728e-01 -8.182411193178497077e-01 -5.344553728766000544e-01 -7.675131452275066879e-01 -4.939957095425185352e-01 -7.181091810306226009e-01
1.300000000000000000e+02 -6.464063101116704901e-01 -7.892513034265457028e-01 -6.040021195263554077e-01 -7.790945236684410080e-01 -6.037039158479919898e-01 -7.786179198101507160e-01 -6.056426301439929993e-01 -7.433522288864651273e-01 -5.767307983065513843e-01 -6.940798245542471046e-01
1.310000000000000000e+02 -6.759450545822515144e-01 -7.379684209698841313e-01 -6.513023606079252348e-01 -7.378833642879677468e-01 -6.510934857174386359e-01 -7.377213882207225293e-01 -6.643111279361508803e-01 -7.268089131284530824e-01 -6.554188912042928639e-01 -6.887289614675710103e-01
1.320000000000000000e+02 -7.028364694461239903e-01 -7.015861276322029605e-01 -6.965644526097459766e-01 -6.947696227278221670e-01 -6.964640206437947567e-01 -6.946673417789778204e-01 -7.044222838543922061e-01 -7.031598072126545862e-01 -6.927475647588356988e-01 -6.925181617792663946e-01
1.330000000000000000e+02 -7.397640776571607901e-01 -6.748605223353441041e-01 -7.395877805150613549e-01 -6.494232864744313716e-01 -7.394175488232359594e-01 -6.492087889872225626e-01 -7.275244872844748301e-01 -6.622511906510332169e-01 -6.885071146682697485e-01 -6.524932509385594770e-01
1.340000000000000000e+02 -7.916028145507736369e-01 -6.449719326026045474e-01 -7.807446656198719914e-01 -6.020325248893287906e-01 -7.802499070068982245e-01 -6.017341133907222472e-01 -7.440933528395290431e-01 -6.029086864345728491e-01 -6.946929033307623902e-01 -5.733405072199638797e-01
1.350000000000000000e+02 -8.513199018895744041e-01 -6.004167169313288088e-01 -8.207944091759724614e-01 -5.514228777271552584e-01 -8.198185561974666857e-01 -5.512726247666324131e-01 -7.688518596397532212e-01 -5.314076567656467187e-01 -7.198449248560314651e-01 -4.904722469015666553e-01
1.360000000000000000e+02 -9.070211706484532233e-01 -5.358053294088965801e-01 -8.579982251665955184e-01 -4.955734657714372937e-01 -8.566162634086776917e-01 -4.958733708746285163e-01 -8.109304445680897144e-01 -4.583667466041820848e-01 -7.834140029378299230e-01 -3.952877740986562860e-01
1.370000000000000000e+02 -9.476146424273859115e-01 -4.547660470830466317e-01 -8.891004415397052441e-01 -4.356272932349568028e-01 -8.876356009547027304e-01 -4.365718857983434398e-01 -8.643179244202096045e-01 -3.971966774501817232e-01 -8.665620369101297849e-01 -3.051779570829308841e-01
1.380000000000000000e+02 -9.717710752543240460e-01 -3.663746091058347476e-01 -9.133052610318911357e-01 -3.753809782375409076e-01 -9.121744439249922509e-01 -3.767910790254022091e-01 -9.103508177008878821e-01 -3.565795989785840447e-01 -9.626609799429972636e-01 -2.991994430494956947e-01
1.390000000000000000e+02 -9.938710653932758543e-01 -2.853936418936715014e-01 -9.345949730893901020e-01 -3.169728253391446149e-01 -9.339207862969634011e-01 -3.184512417633211245e-01 -9.354709924436032109e-01 -3.182180940880190989e-01 -9.925664501438403731e-01 -3.582726182913857915e-01
1.400000000000000000e+02 -1.024044483609143130e+00 -2.295230538060754055e-01 -9.542991206184572306e-01 -2.559732380596782542e-01 -9.539331351012566573e-01 -2.572368596955872388e-01 -9.513121596651143985e-01 -2.617287006996026344e-01 -9.280348932768458514e-01 -2.904532166585253039e-01
1.410000000000000000e+02 -1.039520196514147399e+00 -2.131829056642119691e-01 -9.691360640045273422e-01 -1.955053763459541072e-01 -9.688977222246584198e-01 -1.964702743274379104e-01 -9.659341627173981815e-01 -1.980727196197142326e-01 -9.873424060959992143e-01 -2.046004459146519017e-01
1.420000000000000000e+02 -1.006760241405125766e+00 -2.078467101513842563e-01 -9.824348089179778531e-01 -1.324930667462950185e-01 -9.822556987779375026e-01 -1.331511733172882073e-01 -9.802213009426612444e-01 -1.344783882804926889e-01 -9.662107943092549389e-01 -1.278429749834863460e-01
1.430000000000000000e+02 -9.232516687152872992e-01 -1.510766033028071720e-01 -9.917838639650519150e-01 -6.793003591184777756e-02 -9.916284716061918303e-01 -6.827982617498577766e-02 -9.896400910420682928e-01 -6.870075438892794817e-02 -9.799639495567764591e-01 -5.618800466382255915e-02
1.440000000000000000e+02 -8.690737688304495112e-01 4.766476822560113298e-03 -9.994048582204996256e-01 2.589155683544908711e-03 -9.993609945916703818e-01 2.602868734659398789e-03 -9.993474322061244308e-01 2.372496593231763172e-03 -1.001096255425356851e+00 7.128490555638348830e-04
1.450000000000000000e+02 -9.270779143525300636e-01 1.554355954862779443e-01 -9.913632468844084666e-01 7.062394083102024878e-02 -9.912135533116355202e-01 7.098909985716013449e-02 -9.891963220071487983e-01 7.112519927284192967e-02 -9.842700154747701102e-01 5.660982744963740515e-02
1.460000000000000000e+02 -1.009494131321622135e+00 2.085271245195451928e-01 -9.818655556099464832e-01 1.354268235537476051e-01 -9.816796991633128799e-01 1.361021279755266211e-01 -9.794775329131863995e-01 1.373313154041556350e-01 -9.712632005560092319e-01 1.283173424176652921e-01
1.470000000000000000e+02 -1.039497721884996340e+00 2.131862396267282522e-01 -9.683890475069248938e-01 1.981854464883454625e-01 -9.681473232226149861e-01 1.991657585699644351e-01 -9.650145872507700506e-01 2.007727073537868279e-01 -9.879436245720223386e-01 2.006548369171262947e-01
1.480000000000000000e+02 -1.022682357987208412e+00 2.311283670833794990e-01 -9.535694109502320659e-01 2.587514734424555818e-01 -9.531931803626244593e-01 2.600295561446757109e-01 -9.505940065782090276e-01 2.648208473784700590e-01 -9.278039784050829963e-01 3.009033791530644764e-01
1.490000000000000000e+02 -9.926095846418374613e-01 2.885945047274622866e-01 -9.336474047070485449e-01 3.195659055689052952e-01 -9.329566550720483908e-01 3.210505258184073729e-01 -9.347753019087349236e-01 3.202148147635009989e-01 -9.976271721113674218e-01 3.560591480511787754e-01
1.500000000000000000e+02 -9.708167179647682055e-01 3.702690212979215523e-01 -9.123326581944671831e-01 3.779981000799393365e-01 -9.111831286375751127e-01 3.793963548211022330e-01 -9.086523684405775070e-01 3.580890576057561558e-01 -9.581130806046174175e-01 2.952135973091516985e-01
1.510000000000000000e+02 -9.461913612361660952e-01 4.586172330603023872e-01 -8.878748861616516663e-01 4.383260278658954734e-01 -8.864040829079934403e-01 4.392427784350541597e-01 -8.619184775931471032e-01 3.994817462739150282e-01 -8.624826823573226164e-01 3.083453621913450626e-01
1.520000000000000000e+02 -9.047746723449626716e-01 5.390773682621441409e-01 -8.564582665663738048e-01 4.981564583284506798e-01 -8.550901704564870531e-01 4.984312865613125809e-01 -8.086769656291962205e-01 4.614867903316028364e-01 -7.799284869580791479e-01 3.998336851755056043e-01
1.530000000000000000e+02 -8.486442524455850567e-01 6.028289543283781304e-01 -8.190505648881527545e-01 5.537663568211406151e-01 -8.180971681007130902e-01 5.536032399461248144e-01 -7.673927012435652895e-01 5.347320382065625655e-01 -7.179551504952024210e-01 4.943144993963613509e-01
1.540000000000000000e+02 -7.890379585141047425e-01 6.465350271592367193e-01 -7.789441167229065321e-01 6.041806720641779149e-01 -7.784691483568508819e-01 6.038825066283489695e-01 -7.432852528355056165e-01 6.058898399024448267e-01 -6.940246150593515351e-01 5.770384845346444580e-01
1.550000000000000000e+02 -7.378064218757153236e-01 6.760429647505470374e-01 -7.377279492333326250e-01 6.514727572187966054e-01 -7.375667005089890926e-01 6.512643945589315919e-01 -7.267429437155819016e-01 6.644964994815842907e-01 -6.887499853592565779e-01 6.556812229030195560e-01
1.560000000000000000e+02 -7.014732168857020778e-01 7.029508948090168463e-01 -6.946059808126795465e-01 6.967271421508706153e-01 -6.945035156406513810e-01 6.966268619203622725e-01 -7.030432302618495610e-01 7.045352560723859847e-01 -6.924932755505898152e-01 6.927645241957187672e-01
1.570000000000000000e+02 -6.747612494018202511e-01 7.399285798910683054e-01 -6.492520383812073748e-01 7.397422645591892332e-01 -6.490370311522608571e-01 7.395712591979153316e-01 -6.620620380150266104e-01 7.275886465918437462e-01 -6.522238222406987473e-01 6.884878817242519045e-01
1.580000000000000000e+02 -6.448398518728053475e-01 7.918170270345017414e-01 -6.018529745754257476e-01 7.808942941927516923e-01 -6.015545637676421586e-01 7.803978704717581261e-01 -6.026588367054966922e-01 7.441611560409295834e-01 -5.730318136014409536e-01 6.947491584528320274e-01
1.590000000000000000e+02 -6.002133503857968178e-01 8.515422347226387911e-01 -5.512268367266148772e-01 8.209391388764947228e-01 -5.510776836745838736e-01 8.199614215081136859e-01 -5.311302205002313981e-01 7.689748378403348239e-01 -4.901503750239537549e-01 7.200065137912888824e-01
1.600000000000000000e+02 -5.355307897302937770e-01 9.072066541442195264e-01 -4.953576145448039814e-01 8.581256090263873482e-01 -4.956596283366452305e-01 8.567425205382865894e-01 -4.581076147894088679e-01 8.111190782067327909e-01 -3.949088702154572306e-01 7.837054349347434279e-01
1.610000000000000000e+02 -4.544441327536453690e-01 9.477311611431621374e-01 -4.354021615889537844e-01 8.892015026237316544e-01 -4.363490544793366954e-01 8.877372056376844345e-01 -3.970082316377734344e-01 8.645167935770342593e-01 -3.049191595683969358e-01 8.669036566714448666e-01
1.620000000000000000e+02 -3.660505412048472018e-01 9.718499877389190633e-01 -3.751629427003390638e-01 9.133856908241867467e-01 -3.765739990182813690e-01 9.122564472347186593e-01 -3.564538629056880348e-01 9.104899864659944386e-01 -2.995341887553550353e-01 9.630409735971456886e-01
1.630000000000000000e+02 -2.851289439775158141e-01 9.939769587690856500e-01 -3.167562629231230331e-01 9.346735908304961704e-01 -3.182341510882736868e-01 9.340007705036291741e-01 -3.180501312331909802e-01 9.355275043081033859e-01 -3.584575300875876835e-01 9.921206783271701024e-01
1.640000000000000000e+02 -2.293936349163912536e-01 1.024156465889223488e+00 -2.557417690365643148e-01 9.543585867059827255e-01 -2.570041452292427531e-01 9.539934403536556307e-01 -2.614699380443483157e-01 9.513698376674226687e-01 -2.895822943594472121e-01 9.280592146318594748e-01
1.650000000000000000e+02 -2.131821715697624076e-01 1.039517269711325298e+00 -1.952805855040787575e-01 9.691983962960639687e-01 -1.962442397980366515e-01 9.689603032659188653e-01 -1.978461268432014641e-01 9.660105318059405421e-01 -2.048708850725815545e-01 9.872460529881794677e-01
1.660000000000000000e+02 -2.077861773167130610e-01 1.006528831565862925e+00 -1.322474576083211284e-01 9.824789903064237162e-01 -1.329039366995338478e-01 9.823002529406587024e-01 -1.342381826525136101e-01 9.802812260005427936e-01 -1.278174329849262880e-01 9.657819315237944346e-01
1.670000000000000000e+02 -1.506754703175976484e-01 9.229461350653082041e-01 -6.769190069603241156e-02 9.918374433009085056e-01 -6.804106363088166520e-02 9.916815876079535519e-01 -6.848962728965288238e-02 9.896973776949162804e-01 -5.624277618888247343e-02 9.796426520812946404e-01
1.680000000000000000e+02 5.331300877732552193e-03 8.689505125299116228e-01 2.833001880888348298e-03 9.992595481482761111e-01 2.851739854772097557e-03 9.992163452633709975e-01 2.619945227571476246e-03 9.992305407003777562e-01 8.364768914032922774e-04 1.001060203759131184e+00
1.690000000000000000e+02 1.557698400240718484e-01 9.274109921444636528e-01 7.085048430289070387e-02 9.913478083896701820e-01 7.121773715489873591e-02 9.911984810204022001e-01 7.133412453528696628e-02 9.891796028562966914e-01 5.674465786482855989e-02 9.846405460632127182e-01
1.700000000000000000e+02 2.085802700316706226e-01 1.009717335575077701e+00 1.356697966706664205e-01 9.818147259506294633e-01 1.363462531683644341e-01 9.816282641060198877e-01 1.375662865047808103e-01 9.794139988367295269e-01 1.283700113857199343e-01 9.716506128897626215e-01
1.710000000000000000e+02 2.131865867480951804e-01 1.039491685330707238e+00 1.984074939355296163e-01 9.683270013760919559e-01 1.993891143836623026e-01 9.680849481216113883e-01 2.009961803779591605e-01 9.649378803313267694e-01 2.002718269371053239e-01 9.879461810442073944e-01
1.720000000000000000e+02 2.312665549360321815e-01 1.022567322342595730e+00 2.589829936745728922e-01 9.535072657591396883e-01 2.602622425018474295e-01 9.531301727643025634e-01 2.650772018226218441e-01 9.505320569084332316e-01 3.017717663507517578e-01 9.277887602827994407e-01
1.730000000000000000e+02 2.888632595613333520e-01 9.925052776043428171e-01 3.197815524443011759e-01 9.335681345001596299e-01 3.212666779452030830e-01 9.328759888882098839e-01 3.203796424639179241e-01 9.347158145873377677e-01 3.558757189548797939e-01 9.980215768446296654e-01
1.740000000000000000e+02 3.705940092093180649e-01 9.707365834369532376e-01 3.782162686381480010e-01 9.122510116586518558e-01 3.796135047443912058e-01 9.110999365683225548e-01 3.582149764093476851e-01 9.085085150963386758e-01 2.948864914603901988e-01 9.577357015453766831e-01
1.750000000000000000e+02 4.589371802421402524e-01 9.460706844247717129e-01 4.385506931427112232e-01 8.877717248107490633e-01 4.394651048457478004e-01 8.863004716304170305e-01 3.996741566315912264e-01 8.617175098071823136e-01 3.086144079543394203e-01 8.621444170909902116e-01
1.760000000000000000e+02 5.393481759256522068e-01 9.045857846894659327e-01 4.983711226197766186e-01 8.563290348524563722e-01 4.986438803153541710e-01 8.549621224694448074e-01 4.617476612448776496e-01 8.084900837783095540e-01 4.002123565018974594e-01 7.796390918053681673e-01
1.770000000000000000e+02 6.030276507677296838e-01 8.484206858509559801e-01 5.539609257190150071e-01 8.189047038685307589e-01 5.537967648226753692e-01 8.179531849080778905e-01 5.350086720182474220e-01 7.672725207074054810e-01 4.946330775093439880e-01 7.178017954560526048e-01
1.780000000000000000e+02 6.466635117888622775e-01 7.888247409166111446e-01 6.043591842198016151e-01 7.787936993018903520e-01 6.040610601903123600e-01 7.783203638599821561e-01 6.061368685963008929e-01 7.432183925621623777e-01 5.773461198581226750e-01 6.939695449783942482e-01
1.790000000000000000e+02 6.761408086670592787e-01 7.376446792054689450e-01 6.516431280916451518e-01 7.375725079341893808e-01 6.514352777755070267e-01 7.374119826787296494e-01 6.646816009324783003e-01 7.266768692632803450e-01 6.559429662162895580e-01 6.887711878885622863e-01
1.800000000000000000e+02 7.030654956192819993e-01 7.013604808452463812e-01 6.968898006523626121e-01 6.944423083118139717e-01 6.967896693883909309e-01 6.943396562575561148e-01 7.046479790936457377e-01 7.029264000136294932e-01 6.927809052288450564e-01 6.924677429058940792e-01
1.810000000000000000e+02 7.400933455101842418e-01 6.746619102476381080e-01 7.398967227972059746e-01 6.490807648771514948e-01 7.397249398973584356e-01 6.488652481786811865e-01 7.276527107849934950e-01 6.618726179193877845e-01 6.884688646632250997e-01 6.519538898507292179e-01
1.820000000000000000e+02 7.920313669871954509e-01 6.447075335554049991e-01 7.810439123534493877e-01 6.016733824983022672e-01 7.805458210898162941e-01 6.013749756639086286e-01 7.442290850930081136e-01 6.024088124113075038e-01 6.948055465241610440e-01 5.727230834468151066e-01
1.830000000000000000e+02 8.517645279586001372e-01 6.000096654932393081e-01 8.210838327989821162e-01 5.510307177479132346e-01 8.201042521105577077e-01 5.508826688783003966e-01 7.690980820873907220e-01 5.308527616580369646e-01 7.201687863878182272e-01 4.898282703150597661e-01
1.840000000000000000e+02 9.073919334237664502e-01 5.352560016602371240e-01 8.582529050486964461e-01 4.951417053872264051e-01 8.568686942232486281e-01 4.954458307660335459e-01 8.113078926423206161e-01 4.578486522521201807e-01 7.839970615459141978e-01 3.945299959703629233e-01
1.850000000000000000e+02 9.478474259283586889e-01 4.541221014071560313e-01 8.893024593190070881e-01 4.351770244272004651e-01 8.878387129657314691e-01 4.361262144877816049e-01 8.647155487917481675e-01 3.968201173665978909e-01 8.672455963967539150e-01 3.046611862332069820e-01
1.860000000000000000e+02 9.719288737554945268e-01 3.657265736429984315e-01 9.134660875939046853e-01 3.749449406175784372e-01 9.123384196648336442e-01 3.763569476641228095e-01 9.106288486573165253e-01 3.563281486569617185e-01 9.634210855642092453e-01 2.998689913201079138e-01
1.870000000000000000e+02 9.940830336837653824e-01 2.848645842414772034e-01 9.347522153972601666e-01 3.165396459646095950e-01 9.340807596778026856e-01 3.180170042773433070e-01 9.355838659140713887e-01 3.178819489113692831e-01 9.916718077604945725e-01 3.586424276781619014e-01
1.880000000000000000e+02 1.024268280921757368e+00 2.292648917191384139e-01 9.544179124823245486e-01 2.555103330476349854e-01 9.540536020633716419e-01 2.567714576100723622e-01 9.514272410054221973e-01 2.612110645576418699e-01 9.280845491759898147e-01 2.887116169065990778e-01
1.890000000000000000e+02 1.039513541014051023e+00 2.131813483071114679e-01 9.692607831921952188e-01 1.950555617457885305e-01 9.690229367263902827e-01 1.960179806456719132e-01 9.660868984299901818e-01 1.976192938065768345e-01 9.871428489095058767e-01 2.051320417030698118e-01
1.900000000000000000e+02 1.006297262290842820e+00 2.077244830860421332e-01 9.825227420867621575e-01 1.320017019003731362e-01 9.823443371688564962e-01 1.326565481013381176e-01 9.803408323329370067e-01 1.339976684185630318e-01 9.653563952166789308e-01 1.277942583870255722e-01
1.910000000000000000e+02 9.226362001191901197e-01 1.502649889701406782e-01 9.918914683500847929e-01 6.744881593375003093e-02 9.917353011737163326e-01 6.779753834107482557e-02 9.897562388690025470e-01 6.827492990161503073e-02 9.793327585961103532e-01 5.631063024745423112e-02
1.920000000000000000e+02 8.688926184418116483e-01 -5.877736506264115424e-03 9.991583803729884306e-01 -3.056787131340444209e-03 9.991148489998527005e-01 -3.080655861589103300e-03 9.991479040842645709e-01 -2.851414347905379884e-03 1.001019382957713644e+00 -9.620764793565511662e-04
1.930000000000000000e+02 9.277517100155262542e-01 -1.560997919986417126e-01 9.913351159450671801e-01 -7.107965326517097504e-02 9.911859186714127024e-01 -7.144910493050045386e-02 9.891646516510703702e-01 -7.154600879542877268e-02 9.850082798475410240e-01 -5.689783722759034212e-02
1.940000000000000000e+02 1.009940077673531666e+00 -2.086331437536224631e-01 9.817634276125428716e-01 -1.359124452861007748e-01 9.815763801342838324e-01 -1.365900121295280656e-01 9.793503702117014598e-01 -1.378008059208563341e-01 9.720294168512412236e-01 -1.284247809889537129e-01
1.950000000000000000e+02 1.039485118819683640e+00 -2.131870550665906361e-01 9.682650593821613416e-01 -1.986293798528417920e-01 9.680226686365299704e-01 -1.996123093462211784e-01 9.648612489883179322e-01 -2.012194432265150545e-01 9.879412463632778474e-01 -1.998814638193997240e-01
1.960000000000000000e+02 1.022452110123447611e+00 -2.314054404433060208e-01 9.534449732074234962e-01 -2.592145214426911370e-01 9.530670173001178913e-01 -2.604949308267531793e-01 9.504698520015461005e-01 -2.653333319901647336e-01 9.277740711450935818e-01 -3.026392952833243943e-01
1.970000000000000000e+02 9.924011600791428078e-01 -2.891323376806932965e-01 9.334888770110697509e-01 -3.199971542139270486e-01 9.327953326660953781e-01 -3.214827831420344895e-01 9.346561409697394796e-01 -3.205442483513377128e-01 9.984113619181123056e-01 -3.556925344384801457e-01
1.980000000000000000e+02 9.706564124988777964e-01 -3.709190859071275770e-01 9.121693284597492957e-01 -3.784344727080827808e-01 9.110167098536131602e-01 -3.798306854357908491e-01 9.083643647349869399e-01 -3.583409476026027662e-01 9.573587057158354785e-01 -2.945605671573641171e-01
1.990000000000000000e+02 9.459497440838009474e-01 -4.592570008579829888e-01 8.876684592529068274e-01 -4.387753485337546611e-01 8.861967633233429620e-01 -4.396874187195957129e-01 8.615164443589725662e-01 -3.998668964900071177e-01 8.618064586406574135e-01 -3.088842457923257623e-01
2.000000000000000000e+02 9.043966940593605175e-01 -5.396187274249627519e-01 8.561997171583078936e-01 -4.985857262677743096e-01 8.548339927022039486e-01 -4.988564164326197425e-01 8.083033948333023799e-01 -4.620086897235901047e-01 7.793499167201767275e-01 -4.005910139563004235e-01
