0.000000000000000000e+00 1.000004097863225194e+00 0.000000000000000000e+00 1.000000232054237603e+00 0.000000000000000000e+00 1.000000180485218104e+00 0.000000000000000000e+00 9.999979144697835887e-01 0.000000000000000000e+00 9.999952868434615061e-01 0.000000000000000000e+00
1.000000000000000000e+00 9.982398703401369477e-01 -6.604008997533072911e-02 9.977767476160602778e-01 -6.548399988484124301e-02 9.977751456748280567e-01 -6.546127190032845211e-02 9.974937795131163520e-01 -6.484109949289607044e-02 9.966356873786096360e-01 -6.546061258111705861e-02
2.000000000000000000e+00 9.922462334491634062e-01 -1.311309879393499911e-01 9.913231427851293409e-01 -1.306252307397068602e-01 9.913170314208199496e-01 -1.305805092845924442e-01 9.906462049808939518e-01 -1.297792358327058693e-01 9.909135830524741229e-01 -1.316861210606479482e-01
3.000000000000000000e+00 9.818673800577101263e-01 -1.955182718322978075e-01 9.806449391291340856e-01 -1.951872807568360846e-01 9.806314404802768392e-01 -1.951220513317177552e-01 9.797044754700304781e-01 -1.943201680372116658e-01 9.806152100834033547e-01 -1.944030227008799183e-01
4.000000000000000000e+00 9.674038171650256590e-01 -2.591693398043595220e-01 9.657879093803034554e-01 -2.589133263915293082e-01 9.657641951010371706e-01 -2.588296273683877158e-01 9.647098320926048576e-01 -2.580611168248752585e-01 9.650596640232224077e-01 -2.577736144997979095e-01
5.000000000000000000e+00 9.488981372344347243e-01 -3.222370708414887264e-01 9.468155001522264858e-01 -3.215313788234606118e-01 9.467789378476874074e-01 -3.214310925512773864e-01 9.456862325246477852e-01 -3.206561576857492879e-01 9.476189625613916645e-01 -3.206215003846345502e-01
6.000000000000000000e+00 9.253777860879029982e-01 -3.845573046481271517e-01 9.237995464317720895e-01 -3.827761097427829773e-01 9.237493431847417780e-01 -3.826604766146568526e-01 9.225737150476114312e-01 -3.819267356907501410e-01 9.181046401820835978e-01 -3.824424058728111975e-01
7.000000000000000000e+00 8.966842765305318430e-01 -4.434759005362913231e-01 8.968057790626579040e-01 -4.424061662598119948e-01 8.967441709375136849e-01 -4.422793659018124379e-01 8.957705060527221264e-01 -4.415837967179963020e-01 8.967854877330804220e-01 -4.453337758084724429e-01
8.000000000000000000e+00 8.672780037879948001e-01 -4.994369977043481845e-01 8.659871019883733645e-01 -5.001201386610270028e-01 8.659118974317749906e-01 -4.999896250282930832e-01 8.651563151338018676e-01 -4.992478186108414429e-01 8.669575948076915228e-01 -5.011134614750829552e-01
9.000000000000000000e+00 8.335635391164167851e-01 -5.570555377008196141e-01 8.314489796637847263e-01 -5.557308034911475625e-01 8.313576183853087498e-01 -5.555968082009757891e-01 8.308008482506303860e-01 -5.547010397997538256e-01 8.333529624116560175e-01 -5.552764093317359428e-01
1.000000000000000000e+01 7.940251102150375218e-01 -6.100627790137113093e-01 7.933031858974987083e-01 -6.089382185182505847e-01 7.931996129699161457e-01 -6.088037012755577182e-01 7.923808515634118699e-01 -6.078018049376814336e-01 7.921885469414410297e-01 -6.076805873306722061e-01
1.100000000000000000e+01 7.528707938798696597e-01 -6.603177770717910677e-01 7.517675321868468874e-01 -6.594944327048264388e-01 7.516526990555779664e-01 -6.593638221469408922e-01 7.505993041166864055e-01 -6.585317288347219966e-01 7.500231705557022233e-01 -6.588620302118991523e-01
1.200000000000000000e+01 7.081035542897596846e-01 -7.082766642178286443e-01 7.070435637826213426e-01 -7.072142921645470093e-01 7.069194971927763582e-01 -7.070902404229820748e-01 7.060695467613250509e-01 -7.062411663970673548e-01 7.064747224850776997e-01 -7.066439939754415311e-01
1.300000000000000000e+01 6.601335326779792512e-01 -7.530313621647819478e-01 6.593129115178133492e-01 -7.519268284891603704e-01 6.591822799065079064e-01 -7.518120053553373205e-01 6.583479634707017913e-01 -7.507601677445259192e-01 6.586751466760629725e-01 -7.501813709454734358e-01
1.400000000000000000e+01 6.098737832914006285e-01 -7.941750509875974418e-01 6.087465555022781860e-01 -7.934503383577878877e-01 6.086120095624203419e-01 -7.933467676642419475e-01 6.076083048540280585e-01 -7.925313531076726425e-01 6.074853072336984239e-01 -7.923470037722877279e-01
1.500000000000000000e+01 5.568469198743313253e-01 -8.337061992441977543e-01 5.555297443565522242e-01 -8.315831822068580070e-01 5.553957225284160693e-01 -8.314918236276769292e-01 5.544992937416062251e-01 -8.309369417148055881e-01 5.550863311921911958e-01 -8.335001303752329616e-01
1.600000000000000000e+01 4.992254931041157362e-01 -8.673911954663452439e-01 4.999108106260518603e-01 -8.661076494995731956e-01 4.997802473162368808e-01 -8.660324513206436592e-01 4.990372666206618346e-01 -8.652777834261751178e-01 5.009118102329738198e-01 -8.670651086962430920e-01
1.700000000000000000e+01 4.432671918992309168e-01 -8.967976667442845162e-01 4.421894805660802619e-01 -8.969124788152896821e-01 4.420626279378165879e-01 -8.968508543416453538e-01 4.413657172522218453e-01 -8.958788302094827793e-01 4.451095396773750990e-01 -8.968887010123176573e-01
1.800000000000000000e+01 3.843307992474425672e-01 -9.254796939436883418e-01 3.825528012569631708e-01 -9.238916764864174569e-01 3.824371245194027602e-01 -9.238414639701159059e-01 3.817025224298439268e-01 -9.226681377232731629e-01 3.822148829723693297e-01 -9.182092274278944588e-01
1.900000000000000000e+01 3.220052752762804782e-01 -9.489796837565329657e-01 3.213026249389945299e-01 -9.468929283887801418e-01 3.212022839600887636e-01 -9.468563648402514854e-01 3.204264600765032722e-01 -9.457662580051038326e-01 3.204040610690203628e-01 -9.476848618676834146e-01
2.000000000000000000e+01 2.589367547386510759e-01 -9.674705445519866664e-01 2.586800719489869005e-01 -9.658502274845078839e-01 2.585963087267234561e-01 -9.658265107097094848e-01 2.578272226705926595e-01 -9.647752444611247258e-01 2.575505185664562768e-01 -9.651324512817126555e-01
2.100000000000000000e+01 1.952845353465937073e-01 -9.819209156325086063e-01 1.949504528740504672e-01 -9.806916855186083026e-01 1.948851549805868388e-01 -9.806781827444961408e-01 1.940828124317522385e-01 -9.797547798663376328e-01 1.941221122974292335e-01 -9.806643703867694573e-01
2.200000000000000000e+01 1.308976691425364214e-01 -9.922860379684910193e-01 1.303858710286594502e-01 -9.913543097268977533e-01 1.303410788915755902e-01 -9.913481948291295032e-01 1.295401097417006042e-01 -9.906819769867768466e-01 1.314068738650316648e-01 -9.909864794335543348e-01
2.300000000000000000e+01 6.581141044032168264e-02 -9.982632170754414114e-01 6.524336708348765779e-02 -9.977922871806979011e-01 6.522056526618921768e-02 -9.977906833081972016e-01 6.460469192088502677e-02 -9.975144492927289219e-01 6.520685363046488381e-02 -9.966599720109902139e-01
2.400000000000000000e+01 -2.289685696478122045e-04 -1.000003069138224232e+00 -2.449798765987155316e-04 -9.999993828922973949e-01 -2.450523150545541660e-04 -9.999993315063319121e-01 -2.369255295729908188e-04 -9.999969636375872772e-01 -1.419054703190542955e-04 -9.999905037541144681e-01
2.500000000000000000e+01 -6.626889504818381238e-02 -9.982159052130925581e-01 -6.572464058374892504e-02 -9.977605334610969434e-01 -6.570198635220179939e-02 -9.977589326876831199e-01 -6.507753967391381733e-02 -9.974723851512931061e-01 -6.571550107260351603e-02 -9.966102406576256012e-01
2.600000000000000000e+01 -1.313642105961991546e-01 -9.922056184777833243e-01 -1.308644965391973225e-01 -9.912911652655929107e-01 -1.308198458551494137e-01 -9.912850575309983814e-01 -1.300182907330105775e-01 -9.906095993036166947e-01 -1.319645278385329357e-01 -9.908396583289862392e-01
2.700000000000000000e+01 -1.957518636022029801e-01 -9.818130888224727570e-01 -1.954239596828992731e-01 -9.805974177656708868e-01 -1.953587987515806867e-01 -9.805839232910922298e-01 -1.945573880713002968e-01 -9.796533893624023159e-01 -1.946843097028221337e-01 -9.805651074163319603e-01
2.800000000000000000e+01 -2.594017408201831354e-01 -9.673363738434083148e-01 -2.591463825281172251e-01 -9.657248617790216150e-01 -2.590627476892073955e-01 -9.657011500310987984e-01 -2.582948184376402390e-01 -9.646436939887580442e-01 -2.579965096174254291e-01 -9.649856500591358355e-01
2.900000000000000000e+01 -3.224686472913805280e-01 -9.488159019728300558e-01 -3.217598994492340547e-01 -9.467373889140302534e-01 -3.216596678462745884e-01 -9.467008279073784172e-01 -3.208856273156717176e-01 -9.456055277815781368e-01 -3.208390808552641915e-01 -9.475519151915653415e-01
3.000000000000000000e+01 -3.847835239888970360e-01 -9.252752202379800339e-01 -3.829991563195044302e-01 -9.237067812756638574e-01 -3.828835667884630256e-01 -9.236565873940575377e-01 -3.821506863143933064e-01 -9.224786740298066556e-01 -3.826696348601725250e-01 -9.180000638350768183e-01
3.100000000000000000e+01 -4.436842922231465369e-01 -8.965703639072775122e-01 -4.426225632116171926e-01 -8.966984955498805698e-01 -4.424958151835147180e-01 -8.966369037724353230e-01 -4.418015832341568583e-01 -8.956616000447835679e-01 -4.455574917537551971e-01 -8.966815287560513381e-01
3.200000000000000000e+01 -4.996482805683128969e-01 -8.671642691428463889e-01 -5.003291591997033327e-01 -8.658660203201651306e-01 -5.001986951430891226e-01 -8.657908093437833852e-01 -4.994580621422459177e-01 -8.650343145668124567e-01 -5.013148813619844324e-01 -8.668496549313731148e-01
3.300000000000000000e+01 -5.572637765979916447e-01 -8.334203519808423000e-01 -5.559315389257700746e-01 -8.313142926817227440e-01 -5.557975701495770915e-01 -8.312229287787619159e-01 -5.549024634042603044e-01 -8.306642631912617425e-01 -5.554661590736211796e-01 -8.332053196665127892e-01
3.400000000000000000e+01 -6.102514556677531843e-01 -7.938747734269963052e-01 -6.091295479419450709e-01 -7.931555999017426695e-01 -6.089950593822653913e-01 -7.930520247117409660e-01 -6.079949775755014718e-01 -7.922299178263230157e-01 -6.078755357634149092e-01 -7.920297208096455099e-01
3.500000000000000000e+01 -6.605016871561364411e-01 -7.527098269437616507e-01 -6.596756161111155814e-01 -7.516078516069060189e-01 -6.595450265710371962e-01 -7.514930084648492326e-01 -6.587151538586293320e-01 -7.504380654050452071e-01 -6.590485710551526877e-01 -7.498646124056487228e-01
3.600000000000000000e+01 -7.084494347770179390e-01 -7.079301052605248001e-01 -7.073846835073219763e-01 -7.068724985845776798e-01 -7.072606465868062076e-01 -7.067484171191651399e-01 -7.064124457577394267e-01 -7.058975870384769369e-01 -7.068129061263096480e-01 -7.063050917186646238e-01
3.700000000000000000e+01 -7.531915840428290432e-01 -6.599490005095964840e-01 -7.520857927734461157e-01 -6.591310988051350961e-01 -7.519709796157573178e-01 -6.590004460955848353e-01 -7.509207084901018403e-01 -6.581639039902580368e-01 -7.503392659491650019e-01 -6.584879669754137854e-01
3.800000000000000000e+01 -7.943247066380366705e-01 -6.096845536406029220e-01 -7.935971678226255710e-01 -6.085546441234893633e-01 -7.934935993204336180e-01 -6.084200694538437482e-01 -7.926815328029752639e-01 -6.074145624137172739e-01 -7.925052018965694778e-01 -6.072897803870773714e-01
3.900000000000000000e+01 -8.338485061591874858e-01 -5.566380403393965670e-01 -8.317170742198232158e-01 -5.553284781192562303e-01 -8.316257183959263610e-01 -5.551944297005492190e-01 -8.310727173687287861e-01 -5.542973415750559463e-01 -8.336469969196401708e-01 -5.548960383520280537e-01
4.000000000000000000e+01 -8.675040868563620444e-01 -4.990139065046021449e-01 -8.662279044596778999e-01 -4.997013149502496643e-01 -8.661527125947772188e-01 -4.995707018264790578e-01 -8.653989608392366195e-01 -4.988265458086404980e-01 -8.671724410847345688e-01 -5.007100659790514330e-01
4.100000000000000000e+01 -8.969108470256280663e-01 -4.430583209146256585e-01 -8.970189076101222625e-01 -4.419726607433955845e-01 -8.969572667663934240e-01 -4.418457558604890201e-01 -8.959868848705240252e-01 -4.411474991252766209e-01 -8.969914798341913631e-01 -4.448849365430976865e-01
4.200000000000000000e+01 -9.255813311206100291e-01 -3.841041693508873145e-01 -9.239835581643626172e-01 -3.823293913996179683e-01 -9.239333364538566684e-01 -3.822136709915925912e-01 -9.227623281991295112e-01 -3.814782065532980049e-01 -9.183142088853516460e-01 -3.819872247111653629e-01
4.300000000000000000e+01 -9.490610049246599456e-01 -3.217734182535830212e-01 -9.469701360437429161e-01 -3.210737951118483591e-01 -9.469335712875122102e-01 -3.209733993397436702e-01 -9.458460661336274278e-01 -3.201966913209563503e-01 -9.477500835972840765e-01 -3.201869220349776168e-01
4.400000000000000000e+01 -9.675370958913472874e-01 -2.587041302114310715e-01 -9.659123551548772779e-01 -2.584467639680376738e-01 -9.658886359076964689e-01 -2.583629364859478250e-01 -9.648404695902774719e-01 -2.575932803114439062e-01 -9.652045290482991202e-01 -2.573273496085473067e-01
4.500000000000000000e+01 -9.819743104459837113e-01 -1.950507763237487868e-01 -9.807382730834369733e-01 -1.947135988447845079e-01 -9.807247662292668533e-01 -1.946482324679394693e-01 -9.798049181929957552e-01 -1.938454438536371116e-01 -9.807132268705578415e-01 -1.938417372566811070e-01
4.600000000000000000e+01 -9.923257132802750791e-01 -1.306643519529219477e-01 -9.913853593715781232e-01 -1.301465079323358420e-01 -9.913792410659654220e-01 -1.301016451506031846e-01 -9.907176083111203235e-01 -1.293010030255153653e-01 -9.910589706471757410e-01 -1.311270390949558495e-01
4.700000000000000000e+01 -9.982867413700218240e-01 -6.558278285784389927e-02 -9.978079293172388287e-01 -6.500270454980382195e-02 -9.978063228485994918e-01 -6.497982921709308246e-02 -9.975351724673809928e-01 -6.436829138442363984e-02 -9.966839671325528061e-01 -6.495415599434598009e-02
4.800000000000000000e+01 -1.000000906448272442e+00 4.575370477216440129e-04 -9.999977321878830150e-01 4.896774164786413903e-04 -9.999976813565530920e-01 4.898223665134986962e-04 -9.999950246027776712e-01 4.735049592714875733e-04 -9.999774635736501383e-01 2.825657164696982154e-04
4.900000000000000000e+01 -9.981920426370164412e-01 6.649797525892590933e-02 -9.977443969692896264e-01 6.596541435535487052e-02 -9.977427967295178224e-01 6.594283335727492423e-02 -9.974510244554640748e-01 6.531412571228267794e-02 -9.965842640706773503e-01 6.597165686657469053e-02
5.000000000000000000e+01 -9.921649671617537303e-01 1.315974368769112224e-01 -9.912591366396259485e-01 1.311037692204238547e-01 -9.912530325878593507e-01 1.310591893672536923e-01 -9.905729187274615599e-01 1.302573739231947247e-01 -9.907655470983466328e-01 1.322420371823780638e-01
5.100000000000000000e+01 -9.817587629159184592e-01 1.959854549864496198e-01 -9.805498397892422613e-01 1.956606325020494308e-01 -9.805363495236045779e-01 1.955955400409337686e-01 -9.796022391391916440e-01 1.947946144139179603e-01 -9.805147565022713785e-01 1.949660784901441068e-01
5.200000000000000000e+01 -9.672688898749560726e-01 2.596341388437652387e-01 -9.656617588002778252e-01 2.593794208994540385e-01 -9.656380496024742355e-01 2.592958501705271424e-01 -9.645775034822513527e-01 2.585285074100873715e-01 -9.649111036936346419e-01 2.582194000237121867e-01
5.300000000000000000e+01 -9.487336072058039083e-01 3.227002181133243885e-01 -9.466592224816562373e-01 3.219883998229259303e-01 -9.466226628022911260e-01 3.218882227851888600e-01 -9.455247707903846610e-01 3.211150814484286520e-01 -9.474843404148192150e-01 3.210570120492346469e-01
5.400000000000000000e+01 -9.251725777392293404e-01 3.850096983587766863e-01 -9.236139613020927230e-01 3.832221812387279214e-01 -9.235637768506018697e-01 3.831066352200815928e-01 -9.223835942478145755e-01 3.823746141810526744e-01 -9.178960759660043101e-01 3.828968118403193177e-01
5.500000000000000000e+01 -8.964564611359997492e-01 4.438926302746958319e-01 -8.965911603331400137e-01 4.428389337200703268e-01 -8.965295848653397348e-01 4.427122380060684037e-01 -8.955526437117515837e-01 4.420193386511110933e-01 -8.965773576849823678e-01 4.457809539984233793e-01
5.600000000000000000e+01 -8.670504750935517091e-01 4.998596203250234016e-01 -8.657448880443547878e-01 5.005381513300218854e-01 -8.656696705646196310e-01 5.004077366752133216e-01 -8.649122647887277360e-01 4.996682757917251805e-01 -8.667417705064935918e-01 5.015163513024875064e-01
5.700000000000000000e+01 -8.332770747665221300e-01 5.574719276743642649e-01 -8.311795565288163656e-01 5.561322414126053104e-01 -8.310881900280487899e-01 5.559982990568522743e-01 -8.305276214529997425e-01 5.551038548052861232e-01 -8.330576393014262893e-01 5.556558737333971987e-01
5.800000000000000000e+01 -7.937244283435259673e-01 6.104401114149494711e-01 -7.930079679928229153e-01 6.093208411450807827e-01 -7.929043904612701477e-01 6.091863811882668456e-01 -7.920789391332268004e-01 6.081881195667527829e-01 -7.918709122267991729e-01 6.080704494255708692e-01
5.900000000000000000e+01 -7.525488030505388393e-01 6.606855621553336944e-01 -7.514481278482568749e-01 6.598567608053483857e-01 -7.513332746299251630e-01 6.597261921883315061e-01 -7.502767921535151707e-01 6.588985371404164626e-01 -7.497060365686697425e-01 6.592350676746352445e-01
6.000000000000000000e+01 -7.077566137552034897e-01 7.086221624194343205e-01 -7.067013927080534330e-01 7.075550338599629896e-01 -7.065772962877635566e-01 7.074310116813941063e-01 -7.057255829227764288e-01 7.065836805209716465e-01 -7.061353974183169901e-01 7.069817549072868745e-01
6.100000000000000000e+01 -6.597644342481598922e-01 7.533517483929367264e-01 -6.589492477108453983e-01 7.522447135823964182e-01 -6.588185738079689324e-01 7.521299103355107984e-01 -6.579798032011188180e-01 7.510812144726779493e-01 -6.583007443212379739e-01 7.504971436761241899e-01
6.200000000000000000e+01 -6.094953026970727494e-01 7.944743544767366439e-01 -6.083626968731871143e-01 7.937439510950490273e-01 -6.082280933944631540e-01 7.936403847055502059e-01 -6.072207897274168875e-01 7.928316670671091693e-01 -6.070942186941808982e-01 7.926634179410998460e-01
6.300000000000000000e+01 -5.564290743946312956e-01 8.339907210824047956e-01 -5.551271793198804261e-01 8.318509168036086754e-01 -5.549931042153150029e-01 8.317595637625978533e-01 -5.540953574801975590e-01 8.312084361240499319e-01 -5.547057024210132470e-01 8.337938227737670127e-01
6.400000000000000000e+01 -4.988023774001885680e-01 8.676169207636713621e-01 -4.994917912554128203e-01 8.663481086094099171e-01 -4.993611281448475103e-01 8.662729229733824310e-01 -4.986157955768736882e-01 8.655200889038915379e-01 -5.005083668142207287e-01 8.672798365318787894e-01
6.500000000000000000e+01 -4.428493955378785540e-01 8.970240361059735879e-01 -4.417558148587570899e-01 8.971252844861097309e-01 -4.416288577060319964e-01 8.970636272363631258e-01 -4.409292501656449370e-01 8.960948887372351956e-01 -4.446600727251330820e-01 8.970940416750614599e-01
6.600000000000000000e+01 -3.838774957712332014e-01 9.256828913049116592e-01 -3.821059603354285406e-01 9.240753848778310298e-01 -3.819901961713981775e-01 9.240251540375971073e-01 -3.812538678882985144e-01 9.228564795597695714e-01 -3.817595093483068247e-01 9.184197756144014679e-01
6.700000000000000000e+01 -3.215415560099830206e-01 9.491422662067207083e-01 -3.208449454520753141e-01 9.470472882735350151e-01 -3.207444947827366999e-01 9.470107223397457030e-01 -3.199669073201583114e-01 9.459258219134523138e-01 -3.199701409309014810e-01 9.478148006809337112e-01
6.800000000000000000e+01 -2.584715020846414246e-01 9.676036060243409231e-01 -2.582134385766848839e-01 9.659744271142909344e-01 -2.581295467631740670e-01 9.659507054152232097e-01 -2.573593258006830475e-01 9.649056420910014920e-01 -2.571041273776575875e-01 9.652760097692639762e-01
6.900000000000000000e+01 -1.948170148404134994e-01 9.820276653618658091e-01 -1.944767390817575825e-01 9.807848047404057468e-01 -1.944113041992645285e-01 9.807712938546381265e-01 -1.936080829556221516e-01 9.798549933620999131e-01 -1.935619536365974780e-01 9.807619031884600158e-01
7.000000000000000000e+01 -1.304310560802343921e-01 9.923653207308672508e-01 -1.299071495680770294e-01 9.914163623128291469e-01 -1.298622161428845678e-01 9.914102407472168421e-01 -1.290619243431003205e-01 9.907531696770864871e-01 -1.308467848725899385e-01 9.911310711791438965e-01
7.100000000000000000e+01 -6.535408283396948459e-02 9.983104489080555366e-01 -6.476192971609799620e-02 9.978236791135267625e-01 -6.473898147841403161e-02 9.978220696707887916e-01 -6.413182477160310480e-02 9.975559616972520249e-01 -6.470239833948694674e-02 9.967077450350499968e-01
7.200000000000000000e+01 6.853796131603194595e-04 9.999978504351353381e-01 7.338611677097284149e-04 9.999954460175430881e-01 7.340788022373642002e-04 9.999953961153181803e-01 7.094605041401345598e-04 9.999923082795083573e-01 4.212724836100228379e-04 9.999573814972072539e-01
7.300000000000000000e+01 6.672738117184602580e-02 9.981681702172013892e-01 6.620636421923217774e-02 9.977282637172791846e-01 6.618385563047944620e-02 9.977266637146767758e-01 6.555089428106072869e-02 9.974296347219585579e-01 6.622911125820658829e-02 9.965575490378966172e-01
7.400000000000000000e+01 1.318306712737681574e-01 9.921242908923583181e-01 1.313430493279336697e-01 9.912270552912493260e-01 1.312985403546875485e-01 9.912209549389139340e-01 1.304964852515981821e-01 9.905361614692682615e-01 1.325184982244232423e-01 9.906913415256756172e-01
7.500000000000000000e+01 1.962190475051882599e-01 9.817044034341195768e-01 1.958972991981760281e-01 9.805022049395087924e-01 1.958322751817301033e-01 9.804887189133303371e-01 1.950318467136331890e-01 9.795510244691263413e-01 1.952482913281561872e-01 9.804641309346138200e-01
7.600000000000000000e+01 2.598665342410489965e-01 9.672013653313599191e-01 2.596124415213016401e-01 9.655986005180291487e-01 2.595289348271681562e-01 9.655748938887249722e-01 2.587621837136365732e-01 9.645112606111708731e-01 2.584423020257597958e-01 9.648360449395210203e-01
7.700000000000000000e+01 3.229317833196809762e-01 9.486512530049463487e-01 3.222168799335555778e-01 9.465810008885878757e-01 3.221167573570399290e-01 9.465444425656426297e-01 3.213445201294825027e-01 9.454439615374437000e-01 3.212752905319729568e-01 9.474162305920142968e-01
7.800000000000000000e+01 3.852358274507567404e-01 9.250698586572960735e-01 3.834451844747340798e-01 9.235210865089640286e-01 3.833296818841170905e-01 9.234709115523499490e-01 3.825985194291439684e-01 9.222884757576820247e-01 3.831239386727253726e-01 9.177926772835851565e-01
7.900000000000000000e+01 4.441009150639154690e-01 8.963425684999133392e-01 4.430552777790912611e-01 8.964837734243368272e-01 4.429286343632095058e-01 8.964222142274331784e-01 4.422370630046280060e-01 8.954436371477342282e-01 4.460041649819589393e-01 8.964729760983078943e-01
8.000000000000000000e+01 5.000710168787252385e-01 8.669366209377163957e-01 5.007471150389675163e-01 8.656237051612540867e-01 5.006167496111976201e-01 8.655484810951297181e-01 4.998784595230832406e-01 8.647901657770556971e-01 5.017178730255116292e-01 8.666339388412110933e-01
8.100000000000000000e+01 5.576799905850112760e-01 8.331337080371765680e-01 5.563329109354090418e-01 8.310447712163274714e-01 5.561989949071473038e-01 8.309534021441122853e-01 5.553052140239959078e-01 8.303909230338359926e-01 5.558455560919636218e-01 8.329099221775430051e-01
8.200000000000000000e+01 6.106287464806552379e-01 7.935740747189872213e-01 6.095120981183463904e-01 7.928602901816678150e-01 6.093776666839821887e-01 7.927567102292792933e-01 6.083812308854824602e-01 7.919279155585261520e-01 6.082653284402309568e-01 7.917121209610505916e-01
8.300000000000000000e+01 6.608694018465457454e-01 7.523877223076318455e-01 6.600378667787668574e-01 7.512883609208740321e-01 6.599073189901896175e-01 7.511734975607230469e-01 6.590818786384882166e-01 7.501154843458985866e-01 6.594215197508398463e-01 7.495474428222187457e-01
8.400000000000000000e+01 7.087948470967524450e-01 7.075830798258884169e-01 7.077253432139468670e-01 7.065302461616597141e-01 7.076013356982978619e-01 7.064061347071080021e-01 7.067548707149730047e-01 7.055535343871983667e-01 7.071505404696145636e-01 7.059656394369387966e-01
8.500000000000000000e+01 7.535118551215099769e-01 6.595798341263124920e-01 7.524035909061334015e-01 6.587673582438221542e-01 7.522887975047747311e-01 6.586366630524144172e-01 7.512416857069554865e-01 6.577956611454680580e-01 7.506550043538775530e-01 6.581134790319861372e-01
8.600000000000000000e+01 7.946239947477814480e-01 6.093060302177769616e-01 7.938906881641886182e-01 6.081707137607939018e-01 7.937871238088872738e-01 6.080360813939716946e-01 7.929817558258217547e-01 6.070269868202081698e-01 7.928216520965587488e-01 6.068986220100014428e-01
8.700000000000000000e+01 8.341328434617147902e-01 5.562200224027958884e-01 8.319847099471966434e-01 5.549258479748799822e-01 8.318933597169725358e-01 5.547917460885652963e-01 8.313440979843402800e-01 5.538933414364519692e-01 8.339406069171018121e-01 5.545153206330286633e-01
8.800000000000000000e+01 8.677296978931955396e-01 4.985909058606504685e-01 8.664682619486333559e-01 4.992822395544132541e-01 8.663930824558065957e-01 4.991515262846903389e-01 8.656411676418741541e-01 4.984050159622575582e-01 8.673872975346614833e-01 5.003067109372503207e-01
8.900000000000000000e+01 8.971372336931944247e-01 4.426404154044806805e-01 8.972316094312057233e-01 4.415389429184864989e-01 8.971699357402087571e-01 4.414119334809372130e-01 8.962028417121046253e-01 4.407109703434669012e-01 8.971963849640124389e-01 4.444349457677398973e-01
9.000000000000000000e+01 9.257843744467511016e-01 3.836507788068784786e-01 9.241671566297947615e-01 3.818825080898448632e-01 9.241169167242299087e-01 3.817667000839766733e-01 9.229505917329935416e-01 3.810295063022786088e-01 9.185259263169260890e-01 3.815317350852341360e-01
9.100000000000000000e+01 9.492234675134857413e-01 3.213096885721548612e-01 9.471243850443912260e-01 3.206160759730045107e-01 9.470878179634121263e-01 3.205155703023163660e-01 9.460055253535870623e-01 3.197371080312597091e-01 9.478790206773565208e-01 3.197537189054571738e-01
9.200000000000000000e+01 9.676700747360145183e-01 2.582388700708432849e-01 9.660364432844266158e-01 2.579800957670780881e-01 9.660127191547017711e-01 2.578961395512752164e-01 9.649707619244265455e-01 2.571253591745721878e-01 9.653468704615802976e-01 2.568808358608572484e-01
9.300000000000000000e+01 9.820809784207721327e-01 1.945832509874408645e-01 9.808312807504565578e-01 1.942398735531670195e-01 9.808177658861062520e-01 1.941743701415419299e-01 9.799050057354758980e-01 1.933707300347107805e-01 9.808104188099484588e-01 1.932827963874594046e-01
9.400000000000000000e+01 9.924048574273465206e-01 1.301977950342639301e-01 9.914473198753006589e-01 1.296677947901349603e-01 9.914411952048363119e-01 1.296227906827934762e-01 9.907886625674708903e-01 1.288228731292650475e-01 9.912027398487687213e-01 1.305662637425815120e-01
9.500000000000000000e+01 9.983342560348353878e-01 6.512520851563741164e-02 9.978394712697713498e-01 6.452097952533428216e-02 9.978378588559947415e-01 6.449795909414790529e-02 9.975767628825328304e-01 6.389523233374597155e-02 9.967312762771289858e-01 6.445148415623307148e-02
9.600000000000000000e+01 9.999942479284708030e-01 -9.123027047086741540e-04 9.999927641584354099e-01 -9.773901731424824123e-04 9.999927155261508771e-01 -9.776807986457542159e-04 9.999891136435299366e-01 -9.446339078772279926e-04 9.999317314701744452e-01 -5.581216405812438296e-04
9.700000000000000000e+01 9.981441674402152797e-01 -6.695710912247133939e-02 9.977120497100702146e-01 -6.644749589591637806e-02 9.977104501063999153e-01 -6.642505880053234391e-02 9.974081455244427907e-01 -6.578785216375779288e-02 9.965298710184959941e-01 -6.648783014636343303e-02
9.800000000000000000e+01 9.920835981809664750e-01 -1.320639226332252503e-01 9.911949195548591662e-01 -1.315823372419732129e-01 9.911888228901667430e-01 -1.315378991734906522e-01 9.904993257225235270e-01 -1.307356243750765479e-01 9.906171423756735539e-01 -1.327937708139000084e-01
9.900000000000000000e+01 9.816500110536778845e-01 -1.964526428501301991e-01 9.804545129572778128e-01 -1.961339597432164017e-01 9.804410311973740244e-01 -1.960690041433176822e-01 9.794997450300603203e-01 -1.952690846062201668e-01 9.804132023002950502e-01 -1.955309097584062017e-01
1.000000000000000000e+02 9.671338002407749990e-01 -2.600989273875178864e-01 9.655353870049853127e-01 -2.598454444112393014e-01 9.655116829622654162e-01 -2.597620016757394290e-01 9.644449654132193350e-01 -2.589958473215251411e-01 9.647604930688671310e-01 -2.586652317982047755e-01
1.010000000000000000e+02 9.485688394363200882e-01 -3.231633429313259809e-01 9.465027241681743808e-01 -3.224453397707061630e-01 9.464661672305095808e-01 -3.223452715513889788e-01 9.453631000078949187e-01 -3.215739434048360268e-01 9.473475781065163748e-01 -3.214939122840972940e-01
1.020000000000000000e+02 9.249670630619498679e-01 -3.854619109558742873e-01 9.234281568943726315e-01 -3.836681660017321471e-01 9.233779914974659109e-01 -3.835527067551089964e-01 9.221933186113018266e-01 -3.828224021983330783e-01 9.176898683389084210e-01 -3.833510172374563485e-01
1.030000000000000000e+02 8.962286862801251974e-01 -4.443091469658502768e-01 8.963763348353033233e-01 -4.432715953826442123e-01 8.963147918698518568e-01 -4.431450042487144469e-01 8.953345804458997526e-01 -4.424547563318498300e-01 8.963683855812698553e-01 -4.462271271322145183e-01
1.040000000000000000e+02 8.668227059736673956e-01 -5.002824701271743058e-01 8.655024716711898769e-01 -5.009560503134727893e-01 8.654272409361747354e-01 -5.008257339375276063e-01 8.646680175090757370e-01 -5.000886133002866440e-01 8.665261571971775156e-01 -5.019194482384520262e-01
1.050000000000000000e+02 8.329902523592843666e-01 -5.578879649894691317e-01 8.309099367555466964e-01 -5.565335474779702363e-01 8.308185651379179637e-01 -5.563996576848400100e-01 8.302541679321194801e-01 -5.555065410816736327e-01 8.327621691155996375e-01 -5.560352089306570544e-01
1.060000000000000000e+02 7.934237123075099651e-01 -6.108173610859063407e-01 7.927125664791908610e-01 -6.097033188524373370e-01 7.926089840265337916e-01 -6.095689158598384116e-01 7.917768471766217786e-01 -6.085743115055027852e-01 7.915533467717592586e-01 -6.084601729247572921e-01
1.070000000000000000e+02 7.522265848257378984e-01 -6.610532060095241080e-01 7.511285508347297357e-01 -6.602189340226206626e-01 7.510136772671537342e-01 -6.600884069679839872e-01 7.499541419656050589e-01 -6.592651783113743225e-01 7.493888309450287277e-01 -6.596079269641362819e-01
1.080000000000000000e+02 7.074095035255262287e-01 -7.089674887616235210e-01 7.063590589540043041e-01 -7.078956115607480948e-01 7.062349323857284311e-01 -7.077716186290713418e-01 7.053814414049892623e-01 -7.069260163682157261e-01 7.057958176284543361e-01 -7.073192629655060681e-01
1.090000000000000000e+02 6.593952003789588234e-01 -7.536719041385284701e-01 6.585854304129493686e-01 -7.525624247347774132e-01 6.584547138376808384e-01 -7.524476411137244192e-01 6.576114778656068083e-01 -7.514021222072351236e-01 6.579261714256484650e-01 -7.508128482111375845e-01
1.100000000000000000e+02 6.091167359551430405e-01 -7.947736276946980594e-01 6.079786947957372956e-01 -7.940373790191599390e-01 6.078440334620670571e-01 -7.939338166197301705e-01 6.068331537169306955e-01 -7.931317990048787347e-01 6.067029901843415951e-01 -7.929799045418477466e-01
1.110000000000000000e+02 5.560108847309978009e-01 -8.342748727479051274e-01 5.547244841007396010e-01 -8.321184536396003528e-01 5.545903553361776206e-01 -8.320271062483594049e-01 5.536912934233698680e-01 -8.314797029535243578e-01 5.543248902288587798e-01 -8.340873482899399116e-01
1.120000000000000000e+02 4.983794919493376718e-01 -8.678424189503359809e-01 4.990726598600691566e-01 -8.665883644772234273e-01 4.989418962593058504e-01 -8.665131910414107796e-01 4.981942070018399171e-01 -8.657621970747032547e-01 5.001050965322682007e-01 -8.674948265393110924e-01
1.130000000000000000e+02 4.424313801520353140e-01 -8.972504394928293436e-01 4.413220449289492198e-01 -8.973378824332970405e-01 4.411949831917384435e-01 -8.972761922665177803e-01 4.404926596304238329e-01 -8.963107436968023034e-01 4.442095532192478213e-01 -8.972985081267952356e-01
1.140000000000000000e+02 3.834240187538197620e-01 -9.258857804999726104e-01 3.816590346882255957e-01 -9.242588734234123971e-01 3.815431827544025767e-01 -9.242086245168313896e-01 3.808051216643118519e-01 -9.230446646426395674e-01 3.813039001323744737e-01 -9.186326595575250442e-01
1.150000000000000000e+02 3.210778159777792351e-01 -9.493046087526788579e-01 3.203871866885484865e-01 -9.472014263224758368e-01 3.202866259122953974e-01 -9.471648581248854892e-01 3.195072934121487296e-01 -9.460851764619092608e-01 3.195376565539423952e-01 -9.479427510931164313e-01
1.160000000000000000e+02 2.580062339086698908e-01 -9.677365017846876194e-01 2.577467355334751575e-01 -9.660984035859719876e-01 2.576627148451549609e-01 -9.660746770476215106e-01 2.568913804713646720e-01 -9.650358290516252158e-01 2.566574593670813975e-01 -9.654170874330679775e-01
1.170000000000000000e+02 1.943494853226866714e-01 -9.821342477535278670e-01 1.940030022151164046e-01 -9.808777013736704742e-01 1.939374302488716395e-01 -9.808641825880285436e-01 1.931333853736316442e-01 -9.799549556809354911e-01 1.930042995935815076e-01 -9.808587918191408184e-01
1.180000000000000000e+02 1.299645830347103959e-01 -9.924443264988310753e-01 1.294284423051536570e-01 -9.914782332829598088e-01 1.293833674371963616e-01 -9.914721056530113596e-01 1.285838486635394740e-01 -9.908240883405956545e-01 1.302856174205494488e-01 -9.912739478408864047e-01
1.190000000000000000e+02 6.489610549328811429e-02 -9.983580410499189872e-01 6.427982696856278377e-02 -9.978552184429387850e-01 6.425673495123039591e-02 -9.978536034234090080e-01 6.365848328046158633e-02 -9.975974993369525201e-01 6.420137342747868348e-02 -9.967544822667406823e-01
1.200000000000000000e+02 -1.138275085140731278e-03 -9.999904833572718088e-01 -1.220234591609242877e-03 -9.999899533160047094e-01 -1.220598659032191488e-03 -9.999899061885619833e-01 -1.179009096289908298e-03 -9.999857633993246564e-01 -6.939090175448581850e-04 -9.999017407080017517e-01
1.210000000000000000e+02 -6.718710474947087175e-02 -9.981199299632170785e-01 -6.668877849691770554e-02 -9.976956787842629071e-01 -6.666641213790754084e-02 -9.976940801928162461e-01 -6.602497691849017192e-02 -9.973864917326706880e-01 -6.674771377051280652e-02 -9.965010163480805261e-01
1.220000000000000000e+02 -1.322972026822905045e-01 -9.920428932369969033e-01 -1.318216331690650889e-01 -9.911627277286739757e-01 -1.317772659971847837e-01 -9.911566347241255182e-01 -1.309747907586882587e-01 -9.904624096781479148e-01 -1.330677285049021163e-01 -9.905430559625771902e-01
1.230000000000000000e+02 -1.966862427631070054e-01 -9.815955860229285124e-01 -1.963706140971575032e-01 -9.804067635849536000e-01 -1.963057268825418866e-01 -9.803932861149967648e-01 -1.955063277150404510e-01 -9.794484005095406287e-01 -1.958138945175509071e-01 -9.803619401290264435e-01
1.240000000000000000e+02 -2.603313186629175324e-01 -9.670661945858026742e-01 -2.600784295886000019e-01 -9.654721183325681855e-01 -2.599950507345866746e-01 -9.654484168943181510e-01 -2.592294982087612887e-01 -9.643786179256492730e-01 -2.588882053181512655e-01 -9.646844666249633216e-01
1.250000000000000000e+02 -3.233948969771599513e-01 -9.484863665601093174e-01 -3.226737793245160746e-01 -9.464243923536151959e-01 -3.225737653583315434e-01 -9.463878368298149768e-01 -3.218033513209865304e-01 -9.452821861856202101e-01 -3.217128726984394005e-01 -9.472783753856394151e-01
1.260000000000000000e+02 -3.856879485632891402e-01 -9.248641910271554467e-01 -3.838911257938584232e-01 -9.233351724565997953e-01 -3.837757098075323392e-01 -9.232850166842956341e-01 -3.830462626294526274e-01 -9.220981228563785992e-01 -3.835780494369287474e-01 -9.175876495208824535e-01
1.270000000000000000e+02 -4.445173263576053801e-01 -8.961148147556685650e-01 -4.434878865247328661e-01 -8.962688445778005386e-01 -4.433613476563961209e-01 -8.962073178036642496e-01 -4.426724186712579501e-01 -8.952254736984524008e-01 -4.464498428628119742e-01 -8.962635877279054863e-01
1.280000000000000000e+02 -5.004939799616229257e-01 -8.667087295004870517e-01 -5.011649571404165338e-01 -8.653811875745007764e-01 -5.010346896406400186e-01 -8.653059500886335353e-01 -5.002987370874634188e-01 -8.645458199618425432e-01 -5.021210786257696013e-01 -8.664184227904463409e-01
1.290000000000000000e+02 -5.580958505517561452e-01 -8.328467083020445472e-01 -5.567341510241092806e-01 -8.307750531577937636e-01 -5.566002873743352009e-01 -8.306836790204572551e-01 -5.557078359997197348e-01 -8.301173561465556849e-01 -5.562248350299583421e-01 -8.326143808957501280e-01
1.300000000000000000e+02 -6.110059554474635002e-01 -7.932733408630511240e-01 -6.098945033380521741e-01 -7.925647968962908907e-01 -6.097601287062671682e-01 -7.924612118637885949e-01 -6.087673614003946687e-01 -7.916257340619123894e-01 -6.086549829907255127e-01 -7.913945894100860023e-01
1.310000000000000000e+02 -6.612369744266671789e-01 -7.520653907187495602e-01 -6.603999625281636865e-01 -7.509686975997929004e-01 -6.602694561130926232e-01 -7.508538137591269646e-01 -6.594484361177329612e-01 -7.497927649956562801e-01 -6.597942889948381628e-01 -7.492302007171238731e-01
1.320000000000000000e+02 -7.091400873676931838e-01 -7.072358849078889120e-01 -7.080658388918363855e-01 -7.061878310936914316e-01 -7.079418604652600866e-01 -7.060636893321540208e-01 -7.070971175094369343e-01 -7.052093039496681870e-01 -7.074879225481394140e-01 -7.056259318478153020e-01
1.330000000000000000e+02 -7.538318953576028658e-01 -6.592105332432003362e-01 -7.527212150584449146e-01 -6.584034642271168192e-01 -7.526064411525292819e-01 -6.582727261725352941e-01 -7.515625239874146324e-01 -6.574272534039513616e-01 -7.509706754777831783e-01 -6.577388218196864589e-01
1.340000000000000000e+02 -7.949232535603825145e-01 -6.089274196570241271e-01 -7.941840236490635974e-01 -6.077866399874508607e-01 -7.940804631273528091e-01 -6.076519496084559213e-01 -7.932817965300704710e-01 -6.066392904421843424e-01 -7.931381754434951858e-01 -6.065073230619758560e-01
1.350000000000000000e+02 -8.344168083947202108e-01 -5.558016617506748025e-01 -8.322521478698647890e-01 -5.545230877139774028e-01 -8.321608033460898834e-01 -5.543889319740605837e-01 -8.316152510358806316e-01 -5.534892134206418346e-01 -8.342340457936964215e-01 -5.541344084574761908e-01
1.360000000000000000e+02 -8.679550846409224141e-01 -4.981681357231924623e-01 -8.667084161950664445e-01 -4.988630521851465383e-01 -8.666332487295709264e-01 -4.987322380819466661e-01 -8.658831772236860180e-01 -4.979833687328208969e-01 -8.676024259404971906e-01 -4.999035217700916744e-01
1.370000000000000000e+02 -8.973636532080445649e-01 -4.422222894202809673e-01 -8.974441034802010941e-01 -4.411051208965600656e-01 -8.973823968038110444e-01 -4.409780068450140367e-01 -8.964185945922030774e-01 -4.402743179997740675e-01 -8.974004095838136186e-01 -4.439838926357262960e-01
1.380000000000000000e+02 -9.259871094220202270e-01 -3.831972159055782590e-01 -9.243505352620219329e-01 -3.814355401558414682e-01 -9.243002774186575010e-01 -3.813196442076688952e-01 -9.231386982086305926e-01 -3.805807138451911542e-01 -9.187399737669248445e-01 -3.810760027064133415e-01
1.390000000000000000e+02 -9.493856898296824109e-01 -3.208459382760246448e-01 -9.472784120738900748e-01 -3.201582776132079755e-01 -9.472418427904631955e-01 -3.200576616270597863e-01 -9.461647752451901594e-01 -3.192774634214941565e-01 -9.480059993744713864e-01 -3.193219539264367524e-01
1.400000000000000000e+02 -9.678028869055881334e-01 -2.577735933638971577e-01 -9.661603079386928972e-01 -2.575133578722992866e-01 -9.661365790146109189e-01 -2.574292726417959920e-01 -9.651008434336827424e-01 -2.566573897313363939e-01 -9.654866363136569429e-01 -2.564339826422405988e-01
1.410000000000000000e+02 -9.821874716969459795e-01 -1.941157188182839055e-01 -9.809240668688737896e-01 -1.937661250115312039e-01 -9.809105442230843241e-01 -1.937004844624502786e-01 -9.800048435716041118e-01 -1.928960492406368854e-01 -9.809070390553317198e-01 -1.927264963263859709e-01
1.420000000000000000e+02 -9.924837371378376627e-01 -1.297314324163749977e-01 -9.915091036409915404e-01 -1.291890906725727817e-01 -9.915029731714078975e-01 -1.291439449330554212e-01 -9.908594482124858382e-01 -1.283448500842838957e-01 -9.913446766579077085e-01 -1.300049728033488561e-01
1.430000000000000000e+02 -9.983816696005758384e-01 -6.466677963168446230e-02 -9.978708301015145610e-01 -6.403848760331914969e-02 -9.978692130863731080e-01 -6.401532434468597266e-02 -9.976180866699677630e-01 -6.342158389279474451e-02 -9.967772657715944229e-01 -6.395210205700539718e-02
1.440000000000000000e+02 -9.999869051477644488e-01 1.363424032735522425e-03 -9.999872569866073979e-01 1.462473241282055258e-03 -9.999872114049280780e-01 1.462911307511092227e-03 -9.999825385407081768e-01 1.412701895191180012e-03 -9.998681043279420422e-01 8.297662530595106400e-04
1.450000000000000000e+02 -9.980953890382364690e-01 6.741727653097992490e-02 -9.976790973031905985e-01 6.693015271685963385e-02 -9.976775006505879118e-01 6.690785671240734311e-02 -9.973646244903443536e-01 6.626222265193117134e-02 -9.964708061637940206e-01 6.700860748316146698e-02
1.460000000000000000e+02 -9.920021751984015035e-01 1.325305241566515080e-01 -9.911304780922367552e-01 1.320609371330025150e-01 -9.911243887195310132e-01 1.320166408137571912e-01 -9.904254115448983820e-01 1.312139836775804425e-01 -9.904691907354932212e-01 1.333402607283129815e-01
1.470000000000000000e+02 -9.815411281909443009e-01 1.969198489251145767e-01 -9.803589565670236539e-01 1.966072622080391741e-01 -9.803454834081749558e-01 1.965424433438669738e-01 -9.793969906053654473e-01 1.957435756514454561e-01 -9.803103118824707529e-01 1.960972054302000112e-01
1.480000000000000000e+02 -9.669985483021928951e-01 2.605637084455241226e-01 -9.654087945708745844e-01 2.603113970744106442e-01 -9.653850957548786305e-01 2.602280820237432013e-01 -9.643122181852150643e-01 2.594631363520811806e-01 -9.646079834382278451e-01 2.591112383086257021e-01
1.490000000000000000e+02 -9.484038344303292734e-01 3.236264454936601531e-01 -9.463460054779526676e-01 3.229021985856751487e-01 -9.463094513963190568e-01 3.228022387684914563e-01 -9.452012200532291519e-01 3.220327439248824586e-01 -9.472086149240639408e-01 3.219321665786663011e-01
1.500000000000000000e+02 -9.247612426311683231e-01 3.859139399603900844e-01 -9.232421331941178533e-01 3.841140638251818173e-01 -9.231919871113735132e-01 3.839986910158012523e-01 -9.220028885364007776e-01 3.832701008644203711e-01 -9.174860210516273540e-01 3.838050371974509045e-01
1.510000000000000000e+02 -8.960009542035521912e-01 4.447254536183515294e-01 -8.961613026635233403e-01 4.437041511994007092e-01 -8.960997920398737770e-01 4.435776645801045581e-01 -8.951163169966128708e-01 4.428900500626357650e-01 -8.961585841430109722e-01 4.466723145707202636e-01
1.520000000000000000e+02 -8.665946908180736097e-01 5.007055462668069667e-01 -8.652598528715398363e-01 5.013738355066249541e-01 -8.651846085534018460e-01 5.012436167069244108e-01 -8.644235731121791000e-01 5.005088308489028526e-01 -8.663107327923953438e-01 5.023227658475669655e-01
1.530000000000000000e+02 -8.327030764373422045e-01 5.583036469404025759e-01 -8.306401204344171507e-01 5.569347215576787580e-01 -8.305487438027439051e-01 5.568008839600669946e-01 -8.299804876762088002e-01 5.559090987996453403e-01 -8.324665582574234390e-01 5.564144371682003820e-01
1.540000000000000000e+02 -7.931229601394521600e-01 6.111945297778652586e-01 -7.924169814438535298e-01 6.100856515658941159e-01 -7.923133937517874426e-01 6.099513052137049973e-01 -7.914745762887877012e-01 6.089603805435053197e-01 -7.912358486195825158e-01 6.088497587438770342e-01
1.550000000000000000e+02 -7.519041401036939964e-01 6.614207068830815217e-01 -7.508088012260294430e-01 6.605809522866572525e-01 -7.506939070465464825e-01 6.604504664168993067e-01 -7.496313534186851424e-01 6.596316520163482133e-01 -7.490715519198346550e-01 6.599806055232656510e-01
1.560000000000000000e+02 -7.070622240275532544e-01 7.093126428696279184e-01 -7.060165625893228825e-01 7.082360251986782318e-01 -7.058924055549098409e-01 7.081120611984097479e-01 -7.050371219950273272e-01 7.072681741676334344e-01 -7.054559819510121121e-01 7.076565193716424229e-01
1.570000000000000000e+02 -6.590258329582636687e-01 7.539918286960325400e-01 -6.582214596952217223e-01 7.528799618672493699e-01 -6.580907000657493233e-01 7.527651976113570731e-01 -6.572429878030329187e-01 7.517228910609868864e-01 -6.575514305309642094e-01 7.511284863848295412e-01
1.580000000000000000e+02 -6.087380810666613851e-01 7.950728725870295222e-01 -6.075945493453749346e-01 7.943306220429848796e-01 -6.074598298428490750e-01 7.942270633210154474e-01 -6.064453970203252942e-01 7.934317483272091964e-01 -6.063116204828228328e-01 7.932964649550534597e-01
1.590000000000000000e+02 -5.555923538375754367e-01 8.345586498588943858e-01 -5.543216588311419279e-01 8.323857926270658014e-01 -5.541874760181504378e-01 8.322944509995245932e-01 -5.532871014080966710e-01 8.317507422360359559e-01 -5.539438725773261352e-01 8.343806982912395087e-01
1.600000000000000000e+02 -4.979568372327624615e-01 8.680676956711691483e-01 -4.986534165423569531e-01 8.668284171020592677e-01 -4.985225517658151140e-01 8.667532555196777455e-01 -4.977725011925493437e-01 8.660041081099160154e-01 -4.997019848095358152e-01 8.677100980805422248e-01
1.610000000000000000e+02 -4.420131428511126503e-01 8.974768745395848013e-01 -4.408881708277808675e-01 8.975502725596681275e-01 -4.407610044473860289e-01 8.974885493405404535e-01 -4.400559454263816006e-01 8.965263942984140755e-01 -4.437579615848165071e-01 8.975020877481287851e-01
1.620000000000000000e+02 -3.829703705531076197e-01 9.260883611738365273e-01 -3.812120245178685085e-01 9.244421421491434421e-01 -3.810960844686825388e-01 9.243918754331443832e-01 -3.803562827175003269e-01 9.232326923470168811e-01 -3.808480410274727168e-01 9.188478672450943741e-01
1.630000000000000000e+02 -3.206140555279842763e-01 9.494667106483100083e-01 -3.199293487620751830e-01 9.473553422646903144e-01 -3.198286774615687333e-01 9.473187719263789219e-01 -3.190476180187750144e-01 9.462443217091207615e-01 -3.191066105360544913e-01 9.480687729014556364e-01
1.640000000000000000e+02 -2.575409482298470776e-01 9.678692298141178263e-01 -2.572799627821882873e-01 9.662221562614977666e-01 -2.571958129403034699e-01 9.661984249754896892e-01 -2.564233869968075563e-01 9.651658050317774018e-01 -2.562103909911852551e-01 9.655554920972305721e-01
1.650000000000000000e+02 -1.938819527779969409e-01 9.822406488835363492e-01 -1.935292418740512665e-01 9.809703774932195808e-01 -1.934635327105488356e-01 9.809568510517248097e-01 -1.926587218893306697e-01 9.800546697852401401e-01 -1.924494184633506744e-01 9.809551762392094698e-01
1.660000000000000000e+02 -1.294983511031711776e-01 9.925231035316012251e-01 -1.289497383082687521e-01 9.915399319134785561e-01 -1.289045215671666411e-01 9.915337986871698428e-01 -1.281058764049386178e-01 9.908947432404792144e-01 -1.297244386748236944e-01 9.914149152694473610e-01
1.670000000000000000e+02 -6.443729686896916553e-02 9.984050235629463588e-01 -6.379701659022164739e-02 9.978862325076800488e-01 -6.377378210197019726e-02 9.978846141776901435e-01 -6.318457815691533308e-02 9.976384503781198232e-01 -6.370378610647227380e-02 9.967995481786310341e-01
1.680000000000000000e+02 1.587999597031883228e-03 9.999837630373750175e-01 1.704269453980874821e-03 9.999848528082745380e-01 1.704782084769250385e-03 9.999848085514386753e-01 1.645921372477173079e-03 9.999796276895059899e-01 9.667635593258520595e-04 9.998309995330958433e-01
1.690000000000000000e+02 6.764751575111030424e-02 9.980705224106818374e-01 6.717154423611011727e-02 9.976622832308787991e-01 6.714931869578169565e-02 9.976606895225027527e-01 6.649952934042785424e-02 9.973425184264024246e-01 6.727032100432504824e-02 9.964391126840808077e-01
1.700000000000000000e+02 1.327638987826479655e-01 9.919614381062584751e-01 1.323002489681393279e-01 9.910981689279538820e-01 1.322560234252042055e-01 9.910920831724937541e-01 1.314532022209754514e-01 9.903883295691685573e-01 1.336112740956647282e-01 9.903956537228137957e-01
1.710000000000000000e+02 1.971534628680374490e-01 9.814866370662685968e-01 1.968439040119751016e-01 9.803110916505702876e-01 1.967791534595262903e-01 9.802976228221824684e-01 1.959808280152006699e-01 9.793455150261112241e-01 1.963808012826430138e-01 9.802582829875101655e-01
1.720000000000000000e+02 2.607960971060471755e-01 9.669308612783563683e-01 2.605443468913290483e-01 9.653454157886447451e-01 2.604610955648773429e-01 9.653217196126865352e-01 2.596967617298961417e-01 9.642457662281203046e-01 2.593343461903019898e-01 9.645310606452476287e-01
1.730000000000000000e+02 3.238579885244389778e-01 9.483212430945576754e-01 3.231305975454173418e-01 9.462675635740563918e-01 3.230306917730151328e-01 9.462310109626096422e-01 3.222621212638723809e-01 9.451202015920432409e-01 3.221517881396535055e-01 9.471382893090892763e-01
1.740000000000000000e+02 3.861398848328883582e-01 9.246582179566241733e-01 3.843369800697065686e-01 9.231490391055885425e-01 3.842216503542729700e-01 9.230989027774169076e-01 3.834939170461510449e-01 9.219076156906129693e-01 3.840319824705209495e-01 9.173849829818040424e-01
1.750000000000000000e+02 4.449335291293306516e-01 8.958871048988034103e-01 4.439203894007320850e-01 8.960537091040962077e-01 4.437939550137268152e-01 8.959922145894129164e-01 4.431076505470339932e-01 8.950071104305969971e-01 4.468945446340234495e-01 8.960533764440681281e-01
1.760000000000000000e+02 5.009171689209386269e-01 8.664805892271809640e-01 5.015826853988711864e-01 8.651384675626759835e-01 5.014525151227232636e-01 8.650632163313950462e-01 5.007188945490574916e-01 8.643012769366779091e-01 5.025245115381671290e-01 8.662030843306777195e-01
1.770000000000000000e+02 5.585113538284711687e-01 8.325593573397235270e-01 5.571352590625638923e-01 8.305051385967944233e-01 5.570014474264987081e-01 8.304137594958160840e-01 5.561103295030702665e-01 8.298435625205018429e-01 5.566040181202833725e-01 8.323187018992063146e-01
1.780000000000000000e+02 6.113830842854758307e-01 7.929725698905014664e-01 6.102767635266694857e-01 7.922691201327496380e-01 6.101424453725927677e-01 7.921655297012646368e-01 6.091533689079511316e-01 7.913233739316266613e-01 6.090445002840959576e-01 7.910771241367758888e-01
1.790000000000000000e+02 6.616044031666385994e-01 7.517428331006599240e-01 6.607619032893669031e-01 7.506488617234028382e-01 6.606314378707925927e-01 7.505339571393139231e-01 6.598148259661323900e-01 7.494699072169411780e-01 6.601668762298126270e-01 7.489128843358119347e-01
1.800000000000000000e+02 7.094851552231334901e-01 7.068885209398698688e-01 7.084061704727359077e-01 7.058452534494972230e-01 7.082822208200592051e-01 7.057210810625181852e-01 7.074391863720620455e-01 7.048648955151339823e-01 7.078250535910872721e-01 7.052859677950812367e-01
1.810000000000000000e+02 7.541517040748590972e-01 6.588410997654332579e-01 7.530386651513029106e-01 6.580394168261662902e-01 7.529239104803698845e-01 6.579086355261034580e-01 7.518832234410368631e-01 6.570586811054937026e-01 7.512862811644114291e-01 6.573639978756820046e-01
1.820000000000000000e+02 7.952224850160580782e-01 6.085487199226443655e-01 7.944771741899943063e-01 6.074024228789564051e-01 7.943736171899692389e-01 6.072676741749657436e-01 7.935816543221375641e-01 6.062514734754663737e-01 7.934547732165113665e-01 6.061158822821439696e-01
1.830000000000000000e+02 8.347003966001793618e-01 5.553829613717365943e-01 8.325193879003099928e-01 5.541201974688144682e-01 8.324280491980488028e-01 5.539859874844125232e-01 8.318861765589700141e-01 5.530849573657057316e-01 8.345273046072581025e-01 5.537532798576032533e-01
1.840000000000000000e+02 8.681802527476263354e-01 4.977455965222160605e-01 8.669483671981084161e-01 4.984437529443587200e-01 8.668732114111350473e-01 4.983128373240665598e-01 8.661249897542820930e-01 4.975616044185226516e-01 8.678178452486521310e-01 4.995004837987053747e-01
1.850000000000000000e+02 8.975901031857395074e-01 4.418039400886015211e-01 8.976563896593783287e-01 4.406711947291221398e-01 8.975946498650935190e-01 4.405439760055224196e-01 8.966341427148044607e-01 4.398375418867527809e-01 8.976035410235018164e-01 4.435317576497403436e-01
1.860000000000000000e+02 9.261895357197824641e-01 3.827434829847086717e-01 9.245336940884757437e-01 3.809884877993874319e-01 9.244834185639095869e-01 3.808725035622615440e-01 9.233266469700303070e-01 3.801318281556883005e-01 9.189563381640758477e-01 3.806200133162437327e-01
1.870000000000000000e+02 9.495476711116807023e-01 3.203821678070697954e-01 9.474322168608978467e-01 3.197004001508349513e-01 9.473956454988141651e-01 3.195996734313596987e-01 9.463238158583415771e-01 3.188177571643190378e-01 9.481310789841351783e-01 3.188916253671430501e-01
1.880000000000000000e+02 9.679355302086321000e-01 2.573082983272914626e-01 9.662839484725080919e-01 2.570465502640437716e-01 9.662602148493318888e-01 2.569623357419477117e-01 9.652307138072554471e-01 2.561893723121628774e-01 9.656236291949077399e-01 2.559866704057299769e-01
1.890000000000000000e+02 9.822937782976978172e-01 1.936481887367555166e-01 9.810166335017482808e-01 1.932923527219043147e-01 9.810031033316156668e-01 1.932265749085013973e-01 9.801044347035356985e-01 1.924214035585275762e-01 9.810032180771988131e-01 1.921730964786877993e-01
1.900000000000000000e+02 9.925624427350538959e-01 1.292653406357045509e-01 9.915707188979968612e-01 1.287103834936134950e-01 9.915645829561157143e-01 1.286650956190167616e-01 9.909299743085026035e-01 1.278669265322603388e-01 9.914846566449648790e-01 1.294441033119473339e-01
1.910000000000000000e+02 9.984280269447929346e-01 6.420776962640281638e-02 9.979013852195920409e-01 6.355549669227431031e-02 9.978997661498931748e-01 6.353219068214516208e-02 9.976585424266117830e-01 6.294754014028511313e-02 9.968213060886796928e-01 6.345660941983301273e-02
1.920000000000000000e+02 9.999811693213745967e-01 -1.812315939272214583e-03 9.999828262098778842e-01 -1.945831453695196075e-03 9.999827827856401230e-01 -1.946419084049631201e-03 9.999771022728856096e-01 -1.878914406876491024e-03 9.997903050722521945e-01 -1.105667843412342852e-03
1.930000000000000000e+02 9.980453551658278188e-01 -6.787771824546863508e-02 9.976452481416002716e-01 -6.741287909183857341e-02 9.976436581961474204e-01 -6.739072459464087728e-02 9.973201742667788805e-01 -6.673683370393138081e-02 9.964058652460419108e-01 -6.753265135467813318e-02
1.940000000000000000e+02 9.919206716318444972e-01 -1.329973353833064920e-01 9.910657985458650732e-01 -1.325395683166834815e-01 9.910597164184287156e-01 -1.324954134502825120e-01 9.903511620539722227e-01 -1.316924452981487470e-01 9.903225470570168332e-01 -1.338806928423546261e-01
1.950000000000000000e+02 9.814321118934211663e-01 -1.973870859167588809e-01 9.802631685858120836e-01 -1.970805394331938964e-01 9.802497041061638550e-01 -1.970158571497017952e-01 9.792939734916444872e-01 -1.962180843949365983e-01 9.802058169161225187e-01 -1.966646396851634560e-01
1.960000000000000000e+02 9.668631333557733409e-01 -2.610284850012840607e-01 9.652819820532313466e-01 -2.607772790635835558e-01 9.652582885351870257e-01 -2.606940913812426097e-01 9.641792620899637400e-01 -2.599303743222460827e-01 9.644537147102170138e-01 -2.595575440411665435e-01
1.970000000000000000e+02 9.482385925936817062e-01 -3.240895261198243338e-01 9.461890666746156642e-01 -3.233589761955153463e-01 9.461525155610936988e-01 -3.232591243635650202e-01 9.450391307820795728e-01 -3.224914833856623031e-01 9.470673912475694456e-01 -3.223717310098067612e-01
1.980000000000000000e+02 9.245551170906172178e-01 -3.863657828649175174e-01 9.230558901898633373e-01 -3.845598745013740216e-01 9.230057636813314703e-01 -3.844445877972494374e-01 9.218123043539857564e-01 -3.837177113184778166e-01 9.172845351859436613e-01 -3.842588872338819628e-01
1.990000000000000000e+02 8.957732671145075543e-01 -4.451415532738629000e-01 8.959460639110754521e-01 -4.441366011228495281e-01 8.958845854631475314e-01 -4.440102189511850872e-01 8.948978540895953238e-01 -4.433252201667357006e-01 8.959479662631250063e-01 -4.471165354098646794e-01
2.000000000000000000e+02 8.663664240294705055e-01 -5.011288477956942211e-01 8.650170316482916899e-01 -5.017915068038757420e-01 8.649417734235450572e-01 -5.016613848743325388e-01 8.641789314116988807e-01 -5.009289281525446391e-01 8.660954744901937508e-01 -5.027263173046877531e-01
