0.000000000000000000e+00 1.000000000000000000e+00 0.000000000000000000e+00 1.000000000000000000e+00 0.000000000000000000e+00 1.000000000000000000e+00 0.000000000000000000e+00 1.000000000000000000e+00 0.000000000000000000e+00 1.000000000000000000e+00 0.000000000000000000e+00 1.000000000000000000e+00 0.000000000000000000e+00 1.000000000000000000e+00 0.000000000000000000e+00
1.000000000000000000e+00 9.981026031216346794e-01 -6.489269915350594220e-02 9.981026031216346794e-01 -6.489269915350594220e-02 9.981026031216346794e-01 -6.489269915350594220e-02 9.977750000618643700e-01 -6.546126308092616031e-02 9.977749655911958282e-01 -6.546126008553865283e-02 9.977749655911958282e-01 -6.546126008553865283e-02 9.977749655911958282e-01 -6.546126008553865283e-02
2.000000000000000000e+00 9.923137555532242082e-01 -1.298057312940449348e-01 9.923137555532242082e-01 -1.298057312940449348e-01 9.923137555532242082e-01 -1.298057312940449348e-01 9.913168837801136224e-01 -1.305804914333350830e-01 9.913168525027815647e-01 -1.305804857167449928e-01 9.913168525027815647e-01 -1.305804857167449928e-01 9.913168525027815647e-01 -1.305804857167449928e-01
3.000000000000000000e+00 9.823800156985877940e-01 -1.946314757644445337e-01 9.823800156985877940e-01 -1.946314757644445337e-01 9.823800156985877940e-01 -1.946314757644445337e-01 9.806312939748473845e-01 -1.951220240974545217e-01 9.806312634908294079e-01 -1.951220161150781229e-01 9.806312634908294079e-01 -1.951220161150781229e-01 9.806312634908294079e-01 -1.951220161150781229e-01
4.000000000000000000e+00 9.680038200598063414e-01 -2.590379227260118378e-01 9.680038200598063414e-01 -2.590379227260118378e-01 9.680038200598063414e-01 -2.590379227260118378e-01 9.657640511144365281e-01 -2.588295891003525862e-01 9.657640207949071964e-01 -2.588295806534743893e-01 9.657640207949071964e-01 -2.588295806534743893e-01 9.657640207949071964e-01 -2.588295806534743893e-01
5.000000000000000000e+00 9.490231395260724234e-01 -3.224594155059689604e-01 9.490231395260724234e-01 -3.224594155059689604e-01 9.490231395260724234e-01 -3.224594155059689604e-01 9.467787967749732303e-01 -3.214310453549347746e-01 9.467787669681151375e-01 -3.214310345377270339e-01 9.467787669681151375e-01 -3.214310345377270339e-01 9.467787669681151375e-01 -3.214310345377270339e-01
6.000000000000000000e+00 9.255849361627291882e-01 -3.842469784354932694e-01 9.255849361627291882e-01 -3.842469784354932694e-01 9.255849361627291882e-01 -3.842469784354932694e-01 9.237492054000060460e-01 -3.826604217135609609e-01 9.237491764616702072e-01 -3.826604075501097157e-01 9.237491764616702072e-01 -3.826604075501097157e-01 9.237491764616702072e-01 -3.826604075501097157e-01
7.000000000000000000e+00 8.981310624862710590e-01 -4.439636001836390622e-01 8.981310624862710590e-01 -4.439636001836390622e-01 8.981310624862710590e-01 -4.439636001836390622e-01 8.967440383359189804e-01 -4.422793014214305152e-01 8.967440090884756243e-01 -4.422792860769390044e-01 8.967440090884756243e-01 -4.422792860769390044e-01 8.967440090884756243e-01 -4.422792860769390044e-01
8.000000000000000000e+00 8.670694565197175629e-01 -5.015448070004695502e-01 8.670694565197175629e-01 -5.015448070004695502e-01 8.670694565197175629e-01 -5.015448070004695502e-01 8.659117694835225532e-01 -4.999895529208313039e-01 8.659117411475055759e-01 -4.999895347875728535e-01 8.659117411475055759e-01 -4.999895347875728535e-01 8.659117411475055759e-01 -4.999895347875728535e-01
9.000000000000000000e+00 8.324869982891744957e-01 -5.570067363632972279e-01 8.324869982891744957e-01 -5.570067363632972279e-01 8.324869982891744957e-01 -5.570067363632972279e-01 8.313574955318797643e-01 -5.555967272831497938e-01 8.313574683375747343e-01 -5.555967079239827466e-01 8.313574683375747343e-01 -5.555967079239827466e-01 8.313574683375747343e-01 -5.555967079239827466e-01
1.000000000000000000e+01 7.943804290546131464e-01 -6.101372213760042351e-01 7.943804290546131464e-01 -6.101372213760042351e-01 7.943804290546131464e-01 -6.101372213760042351e-01 7.931994967122671936e-01 -6.088036121784452526e-01 7.931994698091368035e-01 -6.088035913955087697e-01 7.931994698091368035e-01 -6.088035913955087697e-01 7.931994698091368035e-01 -6.088035913955087697e-01
1.100000000000000000e+01 7.528874072575386656e-01 -6.606614468221950753e-01 7.528874072575386656e-01 -6.606614468221950753e-01 7.528874072575386656e-01 -6.606614468221950753e-01 7.516525896572133769e-01 -6.593637259741602641e-01 7.516525633934011408e-01 -6.593637031415391370e-01 7.516525633934011408e-01 -6.593637031415391370e-01 7.516525633934011408e-01 -6.593637031415391370e-01
1.200000000000000000e+01 7.081919830358274215e-01 -7.083626227026482702e-01 7.081919830358274215e-01 -7.083626227026482702e-01 7.081919830358274215e-01 -7.083626227026482702e-01 7.069193944353809878e-01 -7.070901376413847306e-01 7.069193696042797015e-01 -7.070901128036688466e-01 7.069193696042797015e-01 -7.070901128036688466e-01 7.069193696042797015e-01 -7.070901128036688466e-01
1.300000000000000000e+01 6.604799991661119973e-01 -7.530465381001747449e-01 6.604799991661119973e-01 -7.530465381001747449e-01 6.604799991661119973e-01 -7.530465381001747449e-01 6.591821837585163379e-01 -7.518118959320386763e-01 6.591821609338718302e-01 -7.518118696644080501e-01 6.591821609338718302e-01 -7.518118696644080501e-01 6.591821609338718302e-01 -7.518118696644080501e-01
1.400000000000000000e+01 6.099457096208855678e-01 -7.945273687687690600e-01 6.099457096208855678e-01 -7.945273687687690600e-01 6.099457096208855678e-01 -7.945273687687690600e-01 6.086119204931170756e-01 -7.933466513810978338e-01 6.086118997169688294e-01 -7.933466244769034059e-01 6.086118997169688294e-01 -7.933466244769034059e-01 6.086118997169688294e-01 -7.933466244769034059e-01
1.500000000000000000e+01 5.568060604114379863e-01 -8.326210819432304788e-01 5.568060604114379863e-01 -8.326210819432304788e-01 5.568060604114379863e-01 -8.326210819432304788e-01 5.553956416429925991e-01 -8.314917007519346814e-01 5.553956222877159954e-01 -8.314916735557208449e-01 5.553956222877159954e-01 -8.314916735557208449e-01 5.553956222877159954e-01 -8.314916735557208449e-01
1.600000000000000000e+01 5.013360386880130193e-01 -8.671904344147891575e-01 5.013360386880130193e-01 -8.671904344147891575e-01 5.013360386880130193e-01 -8.671904344147891575e-01 4.997801752396082708e-01 -8.660323233566634693e-01 4.997801571133062004e-01 -8.660322950146159826e-01 4.997801571133062004e-01 -8.660322950146159826e-01 4.997801571133062004e-01 -8.660322950146159826e-01
1.700000000000000000e+01 4.437470704869829752e-01 -8.982390474453539886e-01 4.437470704869829752e-01 -8.982390474453539886e-01 4.437470704869829752e-01 -8.982390474453539886e-01 4.420625634855829267e-01 -8.968507217189123359e-01 4.420625481520611966e-01 -8.968506924733524732e-01 4.420625481520611966e-01 -8.968506924733524732e-01 4.420625481520611966e-01 -8.968506924733524732e-01
1.800000000000000000e+01 3.840224686669844179e-01 -9.256789766916067030e-01 3.840224686669844179e-01 -9.256789766916067030e-01 3.840224686669844179e-01 -9.256789766916067030e-01 3.824370696572861328e-01 -9.238413261758015027e-01 3.824370554951673773e-01 -9.238412972304178572e-01 3.824370554951673773e-01 -9.238412972304178572e-01 3.824370554951673773e-01 -9.238412972304178572e-01
1.900000000000000000e+01 3.222278298591855772e-01 -9.491013748710522835e-01 3.222278298591855772e-01 -9.491013748710522835e-01 3.222278298591855772e-01 -9.491013748710522835e-01 3.212022367973940140e-01 -9.468562237415016902e-01 3.212022259878349328e-01 -9.468561939467048383e-01 3.212022259878349328e-01 -9.468561939467048383e-01 3.212022259878349328e-01 -9.468561939467048383e-01
2.000000000000000000e+01 2.588014806063381190e-01 -9.680650475624216211e-01 2.588014806063381190e-01 -9.680650475624216211e-01 2.588014806063381190e-01 -9.680650475624216211e-01 2.585962704868566275e-01 -9.658263666897901611e-01 2.585962620539207224e-01 -9.658263363923325073e-01 2.585962620539207224e-01 -9.658263363923325073e-01 2.585962620539207224e-01 -9.658263363923325073e-01
2.100000000000000000e+01 1.943925901873359285e-01 -9.824243472237541575e-01 1.943925901873359285e-01 -9.824243472237541575e-01 1.943925901873359285e-01 -9.824243472237541575e-01 1.948851277737057852e-01 -9.806780362808377172e-01 1.948851198067034773e-01 -9.806780057466123468e-01 1.948851198067034773e-01 -9.806780057466123468e-01 1.948851198067034773e-01 -9.806780057466123468e-01
2.200000000000000000e+01 1.295661050396149927e-01 -9.923421784427653991e-01 1.295661050396149927e-01 -9.923421784427653991e-01 1.295661050396149927e-01 -9.923421784427653991e-01 1.303410609925765573e-01 -9.913480473104320234e-01 1.303410553669417937e-01 -9.913480159054666174e-01 1.303410553669417937e-01 -9.913480159054666174e-01 1.303410553669417937e-01 -9.913480159054666174e-01
2.300000000000000000e+01 6.465310240544780429e-02 -9.981162422199915119e-01 6.465310240544780429e-02 -9.981162422199915119e-01 6.465310240544780429e-02 -9.981162422199915119e-01 6.522055466877289820e-02 -9.977905378875615572e-01 6.522055349484338904e-02 -9.977905032217606607e-01 6.522055349484338904e-02 -9.977905032217606607e-01 6.522055349484338904e-02 -9.977905032217606607e-01
2.400000000000000000e+01 -2.394869839635838603e-04 -9.999995556142039499e-01 -2.394869839635838603e-04 -9.999995556142039499e-01 -2.394869839635838603e-04 -9.999995556142039499e-01 -2.450449973587488458e-04 -9.999991523612004052e-01 -2.450522708262416389e-04 -9.999991510212670187e-01 -2.450522708262416389e-04 -9.999991510212670187e-01 -2.450522708262416389e-04 -9.999991510212670187e-01
2.500000000000000000e+01 -6.513224433430220284e-02 -9.980881102766815394e-01 -6.513224433430220284e-02 -9.980881102766815394e-01 -6.513224433430220284e-02 -9.980881102766815394e-01 -6.570197902615784735e-02 -9.977587861155725601e-01 -6.570197449396660005e-02 -9.977587526069769952e-01 -6.570197449396660005e-02 -9.977587526069769952e-01 -6.570197449396660005e-02 -9.977587526069769952e-01
2.600000000000000000e+01 -1.300452571115581213e-01 -9.922845145184532312e-01 -1.300452571115581213e-01 -9.922845145184532312e-01 -1.300452571115581213e-01 -9.922845145184532312e-01 -1.308198280373557010e-01 -9.912849097611129423e-01 -1.308198222441052661e-01 -9.912848786187308248e-01 -1.308198222441052661e-01 -9.912848786187308248e-01 -1.308198222441052661e-01 -9.912848786187308248e-01
2.700000000000000000e+01 -1.948702134050603330e-01 -9.823349035553310404e-01 -1.948702134050603330e-01 -9.823349035553310404e-01 -1.948702134050603330e-01 -9.823349035553310404e-01 -1.953587714875560100e-01 -9.805837767438992936e-01 -1.953587634922116512e-01 -9.805837463102209384e-01 -1.953587634922116512e-01 -9.805837463102209384e-01 -1.953587634922116512e-01 -9.805837463102209384e-01
2.800000000000000000e+01 -2.592741707735888301e-01 -9.679418537433489567e-01 -2.592741707735888301e-01 -9.679418537433489567e-01 -2.592741707735888301e-01 -9.679418537433489567e-01 -2.590627093936543335e-01 -9.657010060777044824e-01 -2.590627009322193364e-01 -9.657009757363476110e-01 -2.590627009322193364e-01 -9.657009757363476110e-01 -2.590627009322193364e-01 -9.657009757363476110e-01
2.900000000000000000e+01 -3.226907647129742540e-01 -9.489442137373411690e-01 -3.226907647129742540e-01 -9.489442137373411690e-01 -3.226907647129742540e-01 -9.489442137373411690e-01 -3.216596206165635019e-01 -9.467006868607868997e-01 -3.216596097914697361e-01 -9.467006570419038702e-01 -3.216596097914697361e-01 -9.467006570419038702e-01 -3.216596097914697361e-01 -9.467006570419038702e-01
3.000000000000000000e+01 -3.844712179216800418e-01 -9.254902595991306713e-01 -3.844712179216800418e-01 -9.254902595991306713e-01 -3.844712179216800418e-01 -9.254902595991306713e-01 -3.828835118483669420e-01 -9.236564496190892148e-01 -3.828834976836514303e-01 -9.236564206877270200e-01 -3.828834976836514303e-01 -9.236564206877270200e-01 -3.828834976836514303e-01 -9.236564206877270200e-01
3.100000000000000000e+01 -4.441798371793488909e-01 -8.980224962014576873e-01 -4.441798371793488909e-01 -8.980224962014576873e-01 -4.441798371793488909e-01 -8.980224962014576873e-01 -4.424957506750584746e-01 -8.966367711920228967e-01 -4.424957353195754228e-01 -8.966367419427574426e-01 -4.424957353195754228e-01 -8.966367419427574426e-01 -4.424957353195754228e-01 -8.966367419427574426e-01
3.200000000000000000e+01 -5.017532667649688971e-01 -8.669479467458903743e-01 -5.017532667649688971e-01 -8.669479467458903743e-01 -5.017532667649688971e-01 -8.669479467458903743e-01 -5.001986230048091064e-01 -8.657906814113408567e-01 -5.001986048646348548e-01 -8.657906530813684887e-01 -5.001986048646348548e-01 -8.657906530813684887e-01 -5.001986048646348548e-01 -8.657906530813684887e-01
3.300000000000000000e+01 -5.572070889761074897e-01 -8.323524306830766273e-01 -5.572070889761074897e-01 -8.323524306830766273e-01 -5.572070889761074897e-01 -8.323524306830766273e-01 -5.557974891994035271e-01 -8.312228059477344555e-01 -5.557974698363494781e-01 -8.312227787553373437e-01 -5.557974698363494781e-01 -8.312227787553373437e-01 -5.557974698363494781e-01 -8.312227787553373437e-01
3.400000000000000000e+01 -6.103283993923389605e-01 -7.942330551569206643e-01 -6.103283993923389605e-01 -7.942330551569206643e-01 -6.103283993923389605e-01 -7.942330551569206643e-01 -6.089949702574042334e-01 -7.930519084796457951e-01 -6.089949494676790698e-01 -7.930518815775992048e-01 -6.089949494676790698e-01 -7.930518815775992048e-01 -6.089949494676790698e-01 -7.930518815775992048e-01
3.500000000000000000e+01 -6.608425562258065655e-01 -7.527278913115580394e-01 -6.608425562258065655e-01 -7.527278913115580394e-01 -6.608425562258065655e-01 -7.527278913115580394e-01 -6.595449303735171354e-01 -7.514928990914637730e-01 -6.595449075329307131e-01 -7.514928728314941297e-01 -6.595449075329307131e-01 -7.514928728314941297e-01 -6.595449075329307131e-01 -7.514928728314941297e-01
3.600000000000000000e+01 -7.085329245583388280e-01 -7.080210057817167835e-01 -7.085329245583388280e-01 -7.080210057817167835e-01 -7.085329245583388280e-01 -7.080210057817167835e-01 -7.072605437810495221e-01 -7.067483143860132655e-01 -7.072605189367371370e-01 -7.067482895615460059e-01 -7.072605189367371370e-01 -7.067482895615460059e-01 -7.072605189367371370e-01 -7.067482895615460059e-01
3.700000000000000000e+01 -7.532053361781650969e-01 -6.602982595951478739e-01 -7.532053361781650969e-01 -6.602982595951478739e-01 -7.532053361781650969e-01 -6.602982595951478739e-01 -7.519708701675629214e-01 -6.590003499724254032e-01 -7.519708438961355546e-01 -6.590003271557670628e-01 -7.519708438961355546e-01 -6.590003271557670628e-01 -7.519708438961355546e-01 -6.590003271557670628e-01
3.800000000000000000e+01 -7.946739849913901921e-01 -6.097539495261172782e-01 -7.946739849913901921e-01 -6.097539495261172782e-01 -7.946739849913901921e-01 -6.097539495261172782e-01 -7.934934830118370863e-01 -6.084199804123969768e-01 -7.934934561065941638e-01 -6.084199596430346357e-01 -7.934934561065941638e-01 -6.084199596430346357e-01 -7.934934561065941638e-01 -6.084199596430346357e-01
3.900000000000000000e+01 -8.327548557789810069e-01 -5.566051779843850245e-01 -8.327548557789810069e-01 -5.566051779843850245e-01 -8.327548557789810069e-01 -5.566051779843850245e-01 -8.316255954979312470e-01 -5.551943488475663546e-01 -8.316255682998042742e-01 -5.551943294961795283e-01 -8.316255682998042742e-01 -5.551943294961795283e-01 -8.316255682998042742e-01 -5.551943294961795283e-01
4.000000000000000000e+01 -8.673111223432860006e-01 -5.011271020713894409e-01 -8.673111223432860006e-01 -5.011271020713894409e-01 -8.673111223432860006e-01 -5.011271020713894409e-01 -8.661525846151176822e-01 -4.995706297806783436e-01 -8.661525562670442380e-01 -4.995706116613682357e-01 -8.661525562670442380e-01 -4.995706116613682357e-01 -8.661525562670442380e-01 -4.995706116613682357e-01
4.100000000000000000e+01 -8.983467643406080061e-01 -4.435304032333063917e-01 -8.983467643406080061e-01 -4.435304032333063917e-01 -8.983467643406080061e-01 -4.435304032333063917e-01 -8.969571341225209826e-01 -4.418456914364553567e-01 -8.969571048788946843e-01 -4.418456761138758182e-01 -8.969571048788946843e-01 -4.418456761138758182e-01 -8.969571048788946843e-01 -4.418456761138758182e-01
4.200000000000000000e+01 -9.257727686254600963e-01 -3.837978497574767722e-01 -9.257727686254600963e-01 -3.837978497574767722e-01 -9.257727686254600963e-01 -3.837978497574767722e-01 -9.239331986500937122e-01 -3.822136161684092648e-01 -9.239331696975769947e-01 -3.822136020076872809e-01 -9.239331696975769947e-01 -3.822136020076872809e-01 -9.239331696975769947e-01 -3.822136020076872809e-01
4.300000000000000000e+01 -9.491793832862510660e-01 -3.219961655648899690e-01 -9.491793832862510660e-01 -3.219961655648899690e-01 -9.491793832862510660e-01 -3.219961655648899690e-01 -9.469334301627486683e-01 -3.209733522109533554e-01 -9.469334003800309318e-01 -3.209733414088001280e-01 -9.469334003800309318e-01 -3.209733414088001280e-01 -9.469334003800309318e-01 -3.209733414088001280e-01
4.400000000000000000e+01 -9.681260766312039800e-01 -2.585649893010803502e-01 -9.681260766312039800e-01 -2.585649893010803502e-01 -9.681260766312039800e-01 -2.585649893010803502e-01 -9.658884918542819387e-01 -2.583628982748875647e-01 -9.658884615791067940e-01 -2.583628898552652875e-01 -9.658884615791067940e-01 -2.583628898552652875e-01 -9.658884615791067940e-01 -2.583628898552652875e-01
4.500000000000000000e+01 -9.824685151255465598e-01 -1.941536791681872098e-01 -9.824685151255465598e-01 -1.941536791681872098e-01 -9.824685151255465598e-01 -1.941536791681872098e-01 -9.807246198071795096e-01 -1.946482052860411815e-01 -9.807245892229754514e-01 -1.946481973368171248e-01 -9.807245892229754514e-01 -1.946481973368171248e-01 -9.807245892229754514e-01 -1.946481973368171248e-01
4.600000000000000000e+01 -9.923704756898865664e-01 -1.293264691640424457e-01 -9.923704756898865664e-01 -1.293264691640424457e-01 -9.923704756898865664e-01 -1.293264691640424457e-01 -9.913790936605078041e-01 -1.301016271902889487e-01 -9.913790621366991296e-01 -1.301016216691836258e-01 -9.913790621366991296e-01 -1.301016216691836258e-01 -9.913790621366991296e-01 -1.301016216691836258e-01
4.700000000000000000e+01 -9.981297937772719564e-01 -6.441350411513095675e-02 -9.981297937772719564e-01 -6.441350411513095675e-02 -9.981297937772719564e-01 -6.441350411513095675e-02 -9.978061767957099315e-01 -6.497981692996927794e-02 -9.978061427593402088e-01 -6.497981748919655354e-02 -9.978061427593402088e-01 -6.497981748919655354e-02 -9.978061427593402088e-01 -6.497981748919655354e-02
4.800000000000000000e+01 -9.999990599086967524e-01 4.789737706343697907e-04 -9.999990599086967524e-01 4.789737706343697907e-04 -9.999990599086967524e-01 4.789737706343697907e-04 -9.999975059894189444e-01 4.898088053985194664e-04 -9.999975008717860714e-01 4.898222781078180252e-04 -9.999975008717860714e-01 4.898222781078180252e-04 -9.999975008717860714e-01 4.898222781078180252e-04
4.900000000000000000e+01 -9.980735647216131268e-01 6.537178983548717903e-02 -9.980735647216131268e-01 6.537178983548717903e-02 -9.980735647216131268e-01 6.537178983548717903e-02 -9.977426486463656374e-01 6.594282693895904546e-02 -9.977426166517240347e-01 6.594282145557041341e-02 -9.977426166517240347e-01 6.594282145557041341e-02 -9.977426166517240347e-01 6.594282145557041341e-02
5.000000000000000000e+01 -9.922552171080003536e-01 1.302847819453706313e-01 -9.922552171080003536e-01 1.302847819453706313e-01 -9.922552171080003536e-01 1.302847819453706313e-01 -9.912528846830573892e-01 1.310591715680499980e-01 -9.912528536813718372e-01 1.310591657130115717e-01 -9.912528536813718372e-01 1.310591657130115717e-01 -9.912528536813718372e-01 1.310591657130115717e-01
5.100000000000000000e+01 -9.822897306710605125e-01 1.951089455307510601e-01 -9.822897306710605125e-01 1.951089455307510601e-01 -9.822897306710605125e-01 1.951089455307510601e-01 -9.805362029346600394e-01 1.955955127447575881e-01 -9.805361725513196403e-01 1.955955047388364398e-01 -9.805361725513196403e-01 1.955955047388364398e-01 -9.805361725513196403e-01 1.955955047388364398e-01
5.200000000000000000e+01 -9.678798242010161479e-01 2.595104053262441979e-01 -9.678798242010161479e-01 2.595104053262441979e-01 -9.678798242010161479e-01 2.595104053262441979e-01 -9.656379056820572071e-01 2.592958118480703233e-01 -9.656378753191117159e-01 2.592958033714675148e-01 -9.656378753191117159e-01 2.592958033714675148e-01 -9.656378753191117159e-01 2.592958033714675148e-01
5.300000000000000000e+01 -9.488652267604029689e-01 3.229220910796538058e-01 -9.488652267604029689e-01 3.229220910796538058e-01 -9.488652267604029689e-01 3.229220910796538058e-01 -9.466225217818108328e-01 3.218881755223555463e-01 -9.466224919509241831e-01 3.218881646891332271e-01 -9.466224919509241831e-01 3.218881646891332271e-01 -9.466224919509241831e-01 3.218881646891332271e-01
5.400000000000000000e+01 -9.253955284378641011e-01 3.846954283138062092e-01 -9.253955284378641011e-01 3.846954283138062092e-01 -9.253955284378641011e-01 3.846954283138062092e-01 -9.235636390855026523e-01 3.831065802409306942e-01 -9.235636101610222859e-01 3.831065660750094803e-01 -9.235636101610222859e-01 3.831065660750094803e-01 -9.235636101610222859e-01 3.831065660750094803e-01
5.500000000000000000e+01 -8.979138814354830078e-01 4.443960447089502774e-01 -8.979138814354830078e-01 4.443960447089502774e-01 -8.979138814354830078e-01 4.443960447089502774e-01 -8.965294523060753917e-01 4.427121734695727007e-01 -8.965294230550312493e-01 4.427121581030679653e-01 -8.965294230550312493e-01 4.427121581030679653e-01 -8.965294230550312493e-01 4.427121581030679653e-01
5.600000000000000000e+01 -8.668263892425962513e-01 5.019616978738917767e-01 -8.668263892425962513e-01 5.019616978738917767e-01 -8.668263892425962513e-01 5.019616978738917767e-01 -8.656695426480004452e-01 5.004076645060901996e-01 -8.656695143240685786e-01 5.004076463590301227e-01 -8.656695143240685786e-01 5.004076463590301227e-01 -8.656695143240685786e-01 5.004076463590301227e-01
5.700000000000000000e+01 -8.322178149289415350e-01 5.574074096701602254e-01 -8.322178149289415350e-01 5.574074096701602254e-01 -8.322178149289415350e-01 5.574074096701602254e-01 -8.310880672194455032e-01 5.559982180743437974e-01 -8.310880400289426539e-01 5.559981987073960852e-01 -8.310880400289426539e-01 5.559981987073960852e-01 -8.310880400289426539e-01 5.559981987073960852e-01
5.800000000000000000e+01 -7.940856352227773085e-01 6.105195416249195040e-01 -7.940856352227773085e-01 6.105195416249195040e-01 -7.940856352227773085e-01 6.105195416249195040e-01 -7.929042742547297573e-01 6.091862920356728717e-01 -7.929042473537741831e-01 6.091862712391498125e-01 -7.929042473537741831e-01 6.091862712391498125e-01 -7.929042473537741831e-01 6.091862712391498125e-01
5.900000000000000000e+01 -7.525683318683342726e-01 6.610236269738484216e-01 -7.525683318683342726e-01 6.610236269738484216e-01 -7.525683318683342726e-01 6.610236269738484216e-01 -7.513331652815153916e-01 6.597260959660780077e-01 -7.513331390253996656e-01 6.597260731175272896e-01 -7.513331390253996656e-01 6.597260731175272896e-01 -7.513331390253996656e-01 6.597260731175272896e-01
6.000000000000000000e+01 -7.078499875597135116e-01 7.087031851318763565e-01 -7.078499875597135116e-01 7.087031851318763565e-01 -7.078499875597135116e-01 7.087031851318763565e-01 -7.065771935788544011e-01 7.074309088514767474e-01 -7.065771687610291618e-01 7.074308840005767429e-01 -7.065771687610291618e-01 7.074308840005767429e-01 -7.065771687610291618e-01 7.074308840005767429e-01
6.100000000000000000e+01 -6.601164817024678388e-01 7.533640904647944669e-01 -6.601164817024678388e-01 7.533640904647944669e-01 -6.601164817024678388e-01 7.533640904647944669e-01 -6.588184777096479650e-01 7.521298008624160980e-01 -6.588184549009764579e-01 7.521297745872044249e-01 -6.588184549009764579e-01 7.521297745872044249e-01 -6.588184549009764579e-01 7.521297745872044249e-01
6.200000000000000000e+01 -6.095621540038920205e-01 7.948205549028010131e-01 -6.095621540038920205e-01 7.948205549028010131e-01 -6.095621540038920205e-01 7.948205549028010131e-01 -6.082280043808893089e-01 7.936402683715033657e-01 -6.082279836183028809e-01 7.936402414652181658e-01 -6.082279836183028809e-01 7.936402414652181658e-01 -6.082279836183028809e-01 7.936402414652181658e-01
6.300000000000000000e+01 -5.564042640233167747e-01 8.328885812307533776e-01 -5.564042640233167747e-01 8.328885812307533776e-01 -5.564042640233167747e-01 8.328885812307533776e-01 -5.549930233947851788e-01 8.317594408423738539e-01 -5.549930040472815795e-01 8.317594136423186457e-01 -5.549930040472815795e-01 8.317594136423186457e-01 -5.549930040472815795e-01 8.317594136423186457e-01
6.400000000000000000e+01 -5.009181371613117273e-01 8.674317623526469623e-01 -5.009181371613117273e-01 8.674317623526469623e-01 -5.009181371613117273e-01 8.674317623526469623e-01 -4.993610561298491568e-01 8.662727949780548720e-01 -4.993610380175616537e-01 8.662727666239532498e-01 -4.993610380175616537e-01 8.662727666239532498e-01 -4.993610380175616537e-01 8.662727666239532498e-01
6.500000000000000000e+01 -4.433137068576733508e-01 8.984544325331748071e-01 -4.433137068576733508e-01 8.984544325331748071e-01 -4.433137068576733508e-01 8.984544325331748071e-01 -4.416287933102347463e-01 8.970634945713169550e-01 -4.416287779985657025e-01 8.970634653296679639e-01 -4.416287779985657025e-01 8.970634653296679639e-01 -4.416287779985657025e-01 8.970634653296679639e-01
6.600000000000000000e+01 -3.835732021663825764e-01 9.258665057194591652e-01 -3.835732021663825764e-01 9.258665057194591652e-01 -3.835732021663825764e-01 9.258665057194591652e-01 -3.819901413870898654e-01 9.240250162244852961e-01 -3.819901272278267701e-01 9.240249872647458007e-01 -3.819901272278267701e-01 9.240249872647458007e-01 -3.819901272278267701e-01 9.240249872647458007e-01
6.700000000000000000e+01 -3.217644789145458484e-01 9.492573303297028309e-01 -3.217644789145458484e-01 9.492573303297028309e-01 -3.217644789145458484e-01 9.492573303297028309e-01 -3.207444476881002871e-01 9.470105811889711900e-01 -3.207444368931070544e-01 9.470105514183397855e-01 -3.207444368931070544e-01 9.470105514183397855e-01 -3.207444368931070544e-01 9.470105514183397855e-01
6.800000000000000000e+01 -2.583284849998950805e-01 9.681870423780490897e-01 -2.583284849998950805e-01 9.681870423780490897e-01 -2.583284849998950805e-01 9.681870423780490897e-01 -2.581295085815618617e-01 9.659505613281350600e-01 -2.581295001746149453e-01 9.659505310754309404e-01 -2.581295001746149453e-01 9.659505310754309404e-01 -2.581295001746149453e-01 9.659505310754309404e-01
6.900000000000000000e+01 -1.939147631048342979e-01 9.825126222558150380e-01 -1.939147631048342979e-01 9.825126222558150380e-01 -1.939147631048342979e-01 9.825126222558150380e-01 -1.944112770399469559e-01 9.807711474737927926e-01 -1.944112691109042279e-01 9.807711168399492196e-01 -1.944112691109042279e-01 9.807711168399492196e-01 -1.944112691109042279e-01 9.807711168399492196e-01
7.000000000000000000e+01 -1.290868327361531231e-01 9.923987165622710771e-01 -1.290868327361531231e-01 9.923987165622710771e-01 -1.290868327361531231e-01 9.923987165622710771e-01 -1.298621981085337496e-01 9.914100934447745983e-01 -1.298621927046783864e-01 9.914100618123555808e-01 -1.298621927046783864e-01 9.914100618123555808e-01 -1.298621927046783864e-01 9.914100618123555808e-01
7.100000000000000000e+01 -6.417390654708972353e-02 9.981432926312062692e-01 -6.417390654708972353e-02 9.981432926312062692e-01 -6.417390654708972353e-02 9.981432926312062692e-01 -6.473896795482751709e-02 9.978219222802551247e-01 -6.473896979398695295e-02 9.978218895786874487e-01 -6.473896979398695295e-02 9.978218895786874487e-01 -6.473896979398695295e-02 9.978218895786874487e-01
7.200000000000000000e+01 7.184603632828587402e-04 9.999985128834816273e-01 7.184603632828587402e-04 9.999985128834816273e-01 7.184603632828587402e-04 9.999985128834816273e-01 7.340609311365360688e-04 9.999952262898200717e-01 7.340786697470154300e-04 9.999952156309636075e-01 7.340786697470154300e-04 9.999952156309636075e-01 7.340786697470154300e-04 9.999952156309636075e-01
7.300000000000000000e+01 6.561133565680228596e-02 9.980589664463491717e-01 6.561133565680228596e-02 9.980589664463491717e-01 6.561133565680228596e-02 9.980589664463491717e-01 6.618384936560758880e-02 9.977265138882265294e-01 6.618384368527398254e-02 9.977264836397947700e-01 6.618384368527398254e-02 9.977264836397947700e-01 6.618384368527398254e-02 9.977264836397947700e-01
7.400000000000000000e+01 1.305243057853569255e-01 9.922258633055424104e-01 1.305243057853569255e-01 9.922258633055424104e-01 1.305243057853569255e-01 9.922258633055424104e-01 1.312985225587595950e-01 9.912208068950476569e-01 1.312985166572461226e-01 9.912207760382160115e-01 1.312985166572461226e-01 9.912207760382160115e-01 1.312985166572461226e-01 9.912207760382160115e-01
7.500000000000000000e+01 1.953476721178533104e-01 9.822444970311580148e-01 1.953476721178533104e-01 9.822444970311580148e-01 1.953476721178533104e-01 9.822444970311580148e-01 1.958322478510251263e-01 9.804885722827583194e-01 1.958322398369055917e-01 9.804885419496419674e-01 1.958322398369055917e-01 9.804885419496419674e-01 1.958322398369055917e-01 9.804885419496419674e-01
7.600000000000000000e+01 2.597466263495870620e-01 9.678177314307093715e-01 2.597466263495870620e-01 9.678177314307093715e-01 2.597466263495870620e-01 9.678177314307093715e-01 2.595288964784113750e-01 9.655747500010399831e-01 2.595288879860401798e-01 9.655747196167611124e-01 2.595288879860401798e-01 9.655747196167611124e-01 2.595288879860401798e-01 9.655747196167611124e-01
7.700000000000000000e+01 3.231533945739515912e-01 9.487861786128510833e-01 3.231533945739515912e-01 9.487861786128510833e-01 3.231533945739515912e-01 9.487861786128510833e-01 3.221167100613300249e-01 9.465443015712581287e-01 3.221166992197372347e-01 9.465442717283932827e-01 3.221166992197372347e-01 9.465442717283932827e-01 3.221166992197372347e-01 9.465442717283932827e-01
7.800000000000000000e+01 3.849196095999061762e-01 9.253007427071081592e-01 3.849196095999061762e-01 9.253007427071081592e-01 3.849196095999061762e-01 9.253007427071081592e-01 3.833296268658586414e-01 9.234707737972231989e-01 3.833296126987883468e-01 9.234707448795311802e-01 3.833296126987883468e-01 9.234707448795311802e-01 3.833296126987883468e-01 9.234707448795311802e-01
7.900000000000000000e+01 4.446122227786497016e-01 8.978052182016947880e-01 4.446122227786497016e-01 8.978052182016947880e-01 4.446122227786497016e-01 8.978052182016947880e-01 4.429285697987089265e-01 8.964220816892815025e-01 4.429285544211527537e-01 8.964220524365035248e-01 4.429285544211527537e-01 8.964220524365035248e-01 4.429285544211527537e-01 8.964220524365035248e-01
8.000000000000000000e+01 5.021701003229359639e-01 8.667047840054786789e-01 5.021701003229359639e-01 8.667047840054786789e-01 5.021701003229359639e-01 8.667047840054786789e-01 5.006166774112060791e-01 8.655483531943459763e-01 5.006166592572907081e-01 8.655483248764515025e-01 5.006166592572907081e-01 8.655483248764515025e-01 5.006166592572907081e-01 8.655483248764515025e-01
8.100000000000000000e+01 5.576076984292529515e-01 8.320831510306633261e-01 5.576076984292529515e-01 8.320831510306633261e-01 5.576076984292529515e-01 8.320831510306633261e-01 5.561989138923169040e-01 8.309532793579558207e-01 5.561988945214685343e-01 8.309532521693333562e-01 5.561988945214685343e-01 8.309532521693333562e-01 5.561988945214685343e-01 8.309532521693333562e-01
8.200000000000000000e+01 6.107106480619546307e-01 7.939381692617619724e-01 6.107106480619546307e-01 7.939381692617619724e-01 6.107106480619546307e-01 7.939381692617619724e-01 6.093775775036721631e-01 7.927565940482959039e-01 6.093775567003409943e-01 7.927565671484373411e-01 6.093775567003409943e-01 7.927565671484373411e-01 6.093775567003409943e-01 7.927565671484373411e-01
8.300000000000000000e+01 6.612046590563782633e-01 7.524087289371049758e-01 6.612046590563782633e-01 7.524087289371049758e-01 6.612046590563782633e-01 7.524087289371049758e-01 6.599072227432084548e-01 7.511733882372845228e-01 6.599071998866946620e-01 7.511733619850349264e-01 6.599071998866946620e-01 7.511733619850349264e-01 6.599071998866946620e-01 7.511733619850349264e-01
8.400000000000000000e+01 7.088734044138303991e-01 7.076789283793571972e-01 7.088734044138303991e-01 7.076789283793571972e-01 7.088734044138303991e-01 7.076789283793571972e-01 7.076012328442196075e-01 7.064060320224407885e-01 7.076012079867395332e-01 7.064060072112656741e-01 7.076012079867395332e-01 7.064060072112656741e-01 7.076012079867395332e-01 7.064060072112656741e-01
8.500000000000000000e+01 7.535228009509338243e-01 6.599346654981181892e-01 7.535228009509338243e-01 6.599346654981181892e-01 7.535228009509338243e-01 6.599346654981181892e-01 7.522886880067757298e-01 6.586365669789376875e-01 7.522886617277915189e-01 6.586365441782541241e-01 7.522886617277915189e-01 6.586365441782541241e-01 7.522886617277915189e-01 6.586365441782541241e-01
8.600000000000000000e+01 7.949670784935404244e-01 6.093703230661522419e-01 7.949670784935404244e-01 6.093703230661522419e-01 7.949670784935404244e-01 6.093703230661522419e-01 7.937870074493920125e-01 6.080359924082868739e-01 7.937869805420709746e-01 6.080359716524667002e-01 7.937869805420709746e-01 6.080359716524667002e-01 7.937869805420709746e-01 6.080359716524667002e-01
8.700000000000000000e+01 8.330222582949571297e-01 5.562033185445132144e-01 8.330222582949571297e-01 5.562033185445132144e-01 8.330222582949571297e-01 5.562033185445132144e-01 8.318932367745424106e-01 5.547916653005007248e-01 8.318932095725452003e-01 5.547916459568740244e-01 8.318932095725452003e-01 5.547916459568740244e-01 8.318932095725452003e-01 5.547916459568740244e-01
8.800000000000000000e+01 8.675523544472865112e-01 5.007091439618559514e-01 8.675523544472865112e-01 5.007091439618559514e-01 8.675523544472865112e-01 5.007091439618559514e-01 8.663929544448225606e-01 4.991514543004688664e-01 8.663929260846903180e-01 4.991514361952344991e-01 8.663929260846903180e-01 4.991514361952344991e-01 8.663929260846903180e-01 4.991514361952344991e-01
8.900000000000000000e+01 8.985620520094650399e-01 4.430969813540312496e-01 8.985620520094650399e-01 4.430969813540312496e-01 8.985620520094650399e-01 4.430969813540312496e-01 8.971698030539544400e-01 4.414118691134132355e-01 8.971697738143264989e-01 4.414118538126224900e-01 8.971697738143264989e-01 4.414118538126224900e-01 8.971697738143264989e-01 4.414118538126224900e-01
9.000000000000000000e+01 9.259601879455440221e-01 3.833485259061156780e-01 9.259601879455440221e-01 3.833485259061156780e-01 9.259601879455440221e-01 3.833485259061156780e-01 9.241167789018700507e-01 3.817666453384834235e-01 9.241167499348167391e-01 3.817666311807429991e-01 9.241167499348167391e-01 3.817666311807429991e-01 9.241167499348167391e-01 3.817666311807429991e-01
9.100000000000000000e+01 9.493352159842503024e-01 3.215327699404428863e-01 9.493352159842503024e-01 3.215327699404428863e-01 9.493352159842503024e-01 3.215327699404428863e-01 9.470876767866336365e-01 3.205155232420844880e-01 9.470876470280915616e-01 3.205155124540041700e-01 9.470876470280915616e-01 3.205155124540041700e-01 9.470876470280915616e-01 3.205155124540041700e-01
9.200000000000000000e+01 9.682479448054764903e-01 2.580919677371171783e-01 9.682479448054764903e-01 2.580919677371171783e-01 9.682479448054764903e-01 2.580919677371171783e-01 9.660125750337772432e-01 2.578961013997611018e-01 9.660125448037168994e-01 2.578960930048426192e-01 9.660125448037168994e-01 2.578960930048426192e-01 9.660125448037168994e-01 2.578960930048426192e-01
9.300000000000000000e+01 9.825566686294322505e-01 1.936758420207522480e-01 9.825566686294322505e-01 1.936758420207522480e-01 9.825566686294322505e-01 1.936758420207522480e-01 9.808176195460579505e-01 1.941743430024094330e-01 9.808175888630298322e-01 1.941743350959447001e-01 9.808175888630298322e-01 1.941743350959447001e-01 9.808175888630298322e-01 1.941743350959447001e-01
9.400000000000000000e+01 9.924269010763362431e-01 1.288471957658927358e-01 9.924269010763362431e-01 1.288471957658927358e-01 9.924269010763362431e-01 1.288471957658927358e-01 9.914410479937890708e-01 1.296227725626811211e-01 9.914410162643882973e-01 1.296227672878000614e-01 9.914410162643882973e-01 1.296227672878000614e-01 9.914410162643882973e-01 1.296227672878000614e-01
9.500000000000000000e+01 9.981567387918753864e-01 6.393430970148204773e-02 9.981567387918753864e-01 6.393430970148204773e-02 9.981567387918753864e-01 6.393430970148204773e-02 9.978377096981665417e-01 6.449794506236092295e-02 9.978376787610436782e-01 6.449794745322179335e-02 9.978376787610436782e-01 6.449794745322179335e-02 9.978376787610436782e-01 6.449794745322179335e-02
9.600000000000000000e+01 9.999979145385240464e-01 -9.579467651759542750e-04 9.999979145385240464e-01 -9.579467651759542750e-04 9.999979145385240464e-01 -9.579467651759542750e-04 9.999925520434892467e-01 -9.776610283448513173e-04 9.999925350422801396e-01 -9.776806221888539091e-04 9.999925350422801396e-01 -9.776806221888539091e-04 9.999925350422801396e-01 -9.776806221888539091e-04
9.700000000000000000e+01 9.980443154407793172e-01 -6.585088179796041996e-02 9.980443154407793172e-01 -6.585088179796041996e-02 9.980443154407793172e-01 -6.585088179796041996e-02 9.977102986562392806e-01 -6.642505192677464199e-02 9.977102700344442354e-01 -6.642504681179328685e-02 9.977102700344442354e-01 -6.642504681179328685e-02 9.977102700344442354e-01 -6.642504681179328685e-02
9.800000000000000000e+01 9.921964530947483540e-01 -1.307638286213437251e-01 9.921964530947483540e-01 -1.307638286213437251e-01 9.921964530947483540e-01 -1.307638286213437251e-01 9.911886747047261581e-01 -1.315378813652364753e-01 9.911886439952681815e-01 -1.315378754328485056e-01 9.911886439952681815e-01 -1.315378754328485056e-01 9.911886439952681815e-01 -1.315378754328485056e-01
9.900000000000000000e+01 9.821992026210302207e-01 -1.955863931426514157e-01 9.821992026210302207e-01 -1.955863931426514157e-01 9.821992026210302207e-01 -1.955863931426514157e-01 9.804408845254112270e-01 -1.960689767757253510e-01 9.804408542422926587e-01 -1.960689687557670979e-01 9.804408542422926587e-01 -1.960689687557670979e-01 9.804408542422926587e-01 -1.960689687557670979e-01
1.000000000000000000e+02 9.677555754303984736e-01 -2.599828338092031177e-01 9.677555754303984736e-01 -2.599828338092031177e-01 9.677555754303984736e-01 -2.599828338092031177e-01 9.655115391070526742e-01 -2.597619633012762663e-01 9.655115087017102082e-01 -2.597619547925463790e-01 9.655115087017102082e-01 -2.597619547925463790e-01 9.655115087017102082e-01 -2.597619547925463790e-01
1.010000000000000000e+02 9.487070693123512699e-01 -3.233846751638565498e-01 9.487070693123512699e-01 -3.233846751638565498e-01 9.487070693123512699e-01 -3.233846751638565498e-01 9.464660262622001108e-01 -3.223452242230465115e-01 9.464659964073878218e-01 -3.223452133728428315e-01 9.464659964073878218e-01 -3.223452133728428315e-01 9.464659964073878218e-01 -3.223452133728428315e-01
1.020000000000000000e+02 9.252059024350387517e-01 -3.851437617681067183e-01 9.252059024350387517e-01 -3.851437617681067183e-01 9.252059024350387517e-01 -3.851437617681067183e-01 9.233778537524148788e-01 -3.835526516976917599e-01 9.233778248414178380e-01 -3.835526375295275625e-01 9.233778248414178380e-01 -3.835526375295275625e-01 9.233778248414178380e-01 -3.835526375295275625e-01
1.030000000000000000e+02 8.976965065133520882e-01 -4.448283713946736828e-01 8.976965065133520882e-01 -4.448283713946736828e-01 8.976965065133520882e-01 -4.448283713946736828e-01 8.963146593527777650e-01 -4.431449396562430199e-01 8.963146300983103609e-01 -4.431449242676061551e-01 8.963146300983103609e-01 -4.431449242676061551e-01 8.963146300983103609e-01 -4.431449242676061551e-01
1.040000000000000000e+02 8.665831310301690404e-01 -5.023784741077266247e-01 8.665831310301690404e-01 -5.023784741077266247e-01 8.665831310301690404e-01 -5.023784741077266247e-01 8.654271130512390942e-01 -5.008256617066428884e-01 8.654270847393785715e-01 -5.008256435459020883e-01 8.654270847393785715e-01 -5.008256435459020883e-01 8.654270847393785715e-01 -5.008256435459020883e-01
1.050000000000000000e+02 8.319484389921802947e-01 -5.578079552371838501e-01 8.319484389921802947e-01 -5.578079552371838501e-01 8.319484389921802947e-01 -5.578079552371838501e-01 8.308184423742308589e-01 -5.563995766377004548e-01 8.308184151874751233e-01 -5.563995572629445441e-01 8.308184151874751233e-01 -5.563995572629445441e-01 8.308184151874751233e-01 -5.563995572629445441e-01
1.060000000000000000e+02 7.937906572834548813e-01 -6.109017186916683162e-01 7.937906572834548813e-01 -6.109017186916683162e-01 7.937906572834548813e-01 -6.109017186916683162e-01 7.926088678711090685e-01 -6.095688266518284326e-01 7.926088409723542894e-01 -6.095688058416794952e-01 7.926088409723542894e-01 -6.095688058416794952e-01 7.926088409723542894e-01 -6.095688058416794952e-01
1.070000000000000000e+02 7.522490825271039849e-01 -6.613856524634588174e-01 7.522490825271039849e-01 -6.613856524634588174e-01 7.522490825271039849e-01 -6.613856524634588174e-01 7.510135679686819055e-01 -6.600883106962813773e-01 7.510135417203108732e-01 -6.600882878318053981e-01 7.510135417203108732e-01 -6.600882878318053981e-01 7.510135417203108732e-01 -6.600882878318053981e-01
1.080000000000000000e+02 7.075078282501880977e-01 -7.090435823947742744e-01 7.075078282501880977e-01 -7.090435823947742744e-01 7.075078282501880977e-01 -7.090435823947742744e-01 7.062348297253024931e-01 -7.077715157508307486e-01 7.062348049207856082e-01 -7.077714908867794863e-01 7.062348049207856082e-01 -7.077714908867794863e-01 7.062348049207856082e-01 -7.077714908867794863e-01
1.090000000000000000e+02 6.597528109921485528e-01 -7.536814676274575797e-01 6.597528109921485528e-01 -7.536814676274575797e-01 6.597528109921485528e-01 -7.536814676274575797e-01 6.584546177890547858e-01 -7.524475315908168982e-01 6.584545949963596101e-01 -7.524475053080723619e-01 6.584545949963596101e-01 -7.524475053080723619e-01 6.584545949963596101e-01 -7.524475053080723619e-01
1.100000000000000000e+02 6.091784567248551552e-01 -7.951135557541513244e-01 6.091784567248551552e-01 -7.951135557541513244e-01 6.091784567248551552e-01 -7.951135557541513244e-01 6.078439445042884692e-01 -7.939337002347887084e-01 6.078439237552238916e-01 -7.939336733264379387e-01 6.078439237552238916e-01 -7.939336733264379387e-01 6.078439237552238916e-01 -7.939336733264379387e-01
1.110000000000000000e+02 5.560023415642477707e-01 -8.331558869680518731e-01 5.560023415642477707e-01 -8.331558869680518731e-01 5.560023415642477707e-01 -8.331558869680518731e-01 5.545902745805906253e-01 -8.320269832837464685e-01 5.545902552408344954e-01 -8.320269560797928232e-01 5.545902552408344954e-01 -8.320269560797928232e-01 5.545902552408344954e-01 -8.320269560797928232e-01
1.120000000000000000e+02 5.005001224770220247e-01 -8.676728986316011305e-01 5.005001224770220247e-01 -8.676728986316011305e-01 5.005001224770220247e-01 -8.676728986316011305e-01 4.989418243058355573e-01 -8.665130630147814816e-01 4.989418062076851346e-01 -8.665130346486167312e-01 4.989418062076851346e-01 -8.665130346486167312e-01 4.989418062076851346e-01 -8.665130346486167312e-01
1.130000000000000000e+02 4.428802267163468032e-01 -8.986696227557999794e-01 4.428802267163468032e-01 -8.986696227557999794e-01 4.428802267163468032e-01 -8.986696227557999794e-01 4.411949188525254306e-01 -8.972760595590221211e-01 4.411949035625800652e-01 -8.972760303214577515e-01 4.411949035625800652e-01 -8.972760303214577515e-01 4.411949035625800652e-01 -8.972760303214577515e-01
1.140000000000000000e+02 3.831238209891790203e-01 -9.260538152756507824e-01 3.831238209891790203e-01 -9.260538152756507824e-01 3.831238209891790203e-01 -9.260538152756507824e-01 3.815431280476629938e-01 -9.242084866853221836e-01 3.815431138915104659e-01 -9.242084577108663490e-01 3.815431138915104659e-01 -9.242084577108663490e-01 3.815431138915104659e-01 -9.242084577108663490e-01
1.150000000000000000e+02 3.213010386749100555e-01 -9.494130402328065932e-01 3.213010386749100555e-01 -9.494130402328065932e-01 3.213010386749100555e-01 -9.494130402328065932e-01 3.202865788867193531e-01 -9.471647169221155682e-01 3.202865681053043145e-01 -9.471646871756603803e-01 3.202865681053043145e-01 -9.471646871756603803e-01 3.202865681053043145e-01 -9.471646871756603803e-01
1.160000000000000000e+02 2.578554375470569759e-01 -9.683087839160688937e-01 2.578554375470569759e-01 -9.683087839160688937e-01 2.578554375470569759e-01 -9.683087839160688937e-01 2.576626767243965777e-01 -9.660745328927182740e-01 2.576626683408520524e-01 -9.660745026854541395e-01 2.576626683408520524e-01 -9.660745026854541395e-01 2.576626683408520524e-01 -9.660745026854541395e-01
1.170000000000000000e+02 1.934369159393637960e-01 -9.826006542612963912e-01 1.934369159393637960e-01 -9.826006542612963912e-01 1.934369159393637960e-01 -9.826006542612963912e-01 1.939374031275387655e-01 -9.808640362882179442e-01 1.939373952460385631e-01 -9.808640055565746030e-01 1.939373952460385631e-01 -9.808640055565746030e-01 1.939373952460385631e-01 -9.808640055565746030e-01
1.180000000000000000e+02 1.286075582631582281e-01 -9.924550292484892733e-01 1.286075582631582281e-01 -9.924550292484892733e-01 1.286075582631582281e-01 -9.924550292484892733e-01 1.293833492207482894e-01 -9.914719585204041508e-01 1.293833440854152972e-01 -9.914719267069844744e-01 1.293833440854152972e-01 -9.914719267069844744e-01 1.293833440854152972e-01 -9.914719267069844744e-01
1.190000000000000000e+02 6.369471357843804749e-02 -9.981701322693238287e-01 6.369471357843804749e-02 -9.981701322693238287e-01 6.369471357843804749e-02 -9.981701322693238287e-01 6.425672126014825292e-02 -9.978534524437260300e-01 6.425672335384166600e-02 -9.978534233256162178e-01 6.425672335384166600e-02 -9.978534233256162178e-01 6.425672335384166600e-02 -9.978534233256162178e-01
1.200000000000000000e+02 -1.197432979582213532e-03 -9.999972648737479597e-01 -1.197432979582213532e-03 -9.999972648737479597e-01 -1.197432979582213532e-03 -9.999972648737479597e-01 -1.220579414394018731e-03 -9.999897488017737146e-01 -1.220598438732215961e-03 -9.999897257051982846e-01 -1.220598438732215961e-03 -9.999897257051982846e-01 -1.220598438732215961e-03 -9.999897257051982846e-01
1.210000000000000000e+02 -6.609042825864964998e-02 -9.980296116947586782e-01 -6.609042825864964998e-02 -9.980296116947586782e-01 -6.609042825864964998e-02 -9.980296116947586782e-01 -6.666640403759030442e-02 -9.976939275478785563e-01 -6.666640010560777319e-02 -9.976939001238150917e-01 -6.666640010560777319e-02 -9.976939001238150917e-01 -6.666640010560777319e-02 -9.976939001238150917e-01
1.220000000000000000e+02 -1.310033504431112328e-01 -9.921669864592728150e-01 -1.310033504431112328e-01 -9.921669864592728150e-01 -1.310033504431112328e-01 -9.921669864592728150e-01 -1.317772481608807944e-01 -9.911564863962705196e-01 -1.317772422133404731e-01 -9.911564558350364207e-01 -1.317772422133404731e-01 -9.911564558350364207e-01 -1.317772422133404731e-01 -9.911564558350364207e-01
1.230000000000000000e+02 -1.958251085813792203e-01 -9.821538474261114482e-01 -1.958251085813792203e-01 -9.821538474261114482e-01 -1.958251085813792203e-01 -9.821538474261114482e-01 -1.963056994757262641e-01 -9.803931394019876899e-01 -1.963056914522663399e-01 -9.803931091685326171e-01 -1.963056914522663399e-01 -9.803931091685326171e-01 -1.963056914522663399e-01 -9.803931091685326171e-01
1.240000000000000000e+02 -2.602190276706549121e-01 -9.676933561981175824e-01 -2.602190276706549121e-01 -9.676933561981175824e-01 -2.602190276706549121e-01 -9.676933561981175824e-01 -2.599950123350001085e-01 -9.654482730713019878e-01 -2.599950038093317151e-01 -9.654482426451814758e-01 -2.599950038093317151e-01 -9.654482426451814758e-01 -2.599950038093317151e-01 -9.654482426451814758e-01
1.250000000000000000e+02 -3.236159328174013639e-01 -9.486278988766388975e-01 -3.236159328174013639e-01 -9.486278988766388975e-01 -3.236159328174013639e-01 -9.486278988766388975e-01 -3.225737179975990410e-01 -9.463876958875557799e-01 -3.225737071385456622e-01 -9.463876660208306868e-01 -3.225737071385456622e-01 -9.463876660208306868e-01 -3.225737071385456622e-01 -9.463876660208306868e-01
1.260000000000000000e+02 -3.853678848066272034e-01 -9.251110076498239021e-01 -3.853678848066272034e-01 -9.251110076498239021e-01 -3.853678848066272034e-01 -9.251110076498239021e-01 -3.837756547109056338e-01 -9.232848789494235708e-01 -3.837756405417021566e-01 -9.232848500450281382e-01 -3.837756405417021566e-01 -9.232848500450281382e-01 -3.837756405417021566e-01 -9.232848500450281382e-01
1.270000000000000000e+02 -4.450444905632659487e-01 -8.975877463836213765e-01 -4.450444905632659487e-01 -8.975877463836213765e-01 -4.450444905632659487e-01 -8.975877463836213765e-01 -4.433612830359871526e-01 -8.962071853076334360e-01 -4.433612676362410077e-01 -8.962071560515202373e-01 -4.433612676362410077e-01 -8.962071560515202373e-01 -4.433612676362410077e-01 -8.962071560515202373e-01
1.280000000000000000e+02 -5.025868192238116539e-01 -8.664614303122839534e-01 -5.025868192238116539e-01 -8.664614303122839534e-01 -5.025868192238116539e-01 -8.664614303122839534e-01 -5.010346173788373658e-01 -8.653058222195589844e-01 -5.010345992113011127e-01 -8.653057939137286381e-01 -5.010345992113011127e-01 -8.653057939137286381e-01 -5.010345992113011127e-01 -8.653057939137286381e-01
1.290000000000000000e+02 -5.580081800777492163e-01 -8.318136788174771423e-01 -5.580081800777492163e-01 -8.318136788174771423e-01 -5.580081800777492163e-01 -8.318136788174771423e-01 -5.566002062948994800e-01 -8.306835562792618255e-01 -5.566001869162290339e-01 -8.306835290943593852e-01 -5.566001869162290339e-01 -8.306835290943593852e-01 -5.566001869162290339e-01 -8.306835290943593852e-01
1.300000000000000000e+02 -6.110927535022993018e-01 -7.936430992974374821e-01 -6.110927535022993018e-01 -7.936430992974374821e-01 -6.110927535022993018e-01 -7.936430992974374821e-01 -6.097600394705733340e-01 -7.924610957339237594e-01 -6.097600186535971911e-01 -7.924610688362797584e-01 -6.097600186535971911e-01 -7.924610688362797584e-01 -6.097600186535971911e-01 -7.924610688362797584e-01
1.310000000000000000e+02 -6.615666071851526997e-01 -7.520893926475707980e-01 -6.615666071851526997e-01 -7.520893926475707980e-01 -6.615666071851526997e-01 -7.520893926475707980e-01 -6.602693598166744504e-01 -7.508537044856183895e-01 -6.602693369442372839e-01 -7.508536782411371346e-01 -6.602693369442372839e-01 -7.508536782411371346e-01 -6.602693369442372839e-01 -7.508536782411371346e-01
1.320000000000000000e+02 -7.092137190652808565e-01 -7.073366871817501345e-01 -7.092137190652808565e-01 -7.073366871817501345e-01 -7.092137190652808565e-01 -7.073366871817501345e-01 -7.079417575628564885e-01 -7.060635866959682483e-01 -7.079417326922420317e-01 -7.060635618981180306e-01 -7.079417326922420317e-01 -7.060635618981180306e-01 -7.079417326922420317e-01 -7.060635618981180306e-01
1.330000000000000000e+02 -7.538400904852370354e-01 -6.595709181946112221e-01 -7.538400904852370354e-01 -6.595709181946112221e-01 -7.538400904852370354e-01 -6.595709181946112221e-01 -7.526063316047093554e-01 -6.582726301487659137e-01 -7.526063053182161511e-01 -6.582726073640602360e-01 -7.526063053182161511e-01 -6.582726073640602360e-01 -7.526063053182161511e-01 -6.582726073640602360e-01
1.340000000000000000e+02 -7.952599866751770552e-01 -6.089865549919749599e-01 -7.952599866751770552e-01 -6.089865549919749599e-01 -7.952599866751770552e-01 -6.089865549919749599e-01 -7.940803467169663676e-01 -6.076518606785996646e-01 -7.940803198075930824e-01 -6.076518399362810241e-01 -7.940803198075930824e-01 -6.076518399362810241e-01 -7.940803198075930824e-01 -6.076518399362810241e-01
1.350000000000000000e+02 -8.332894672465399610e-01 -5.558013330987955358e-01 -8.332894672465399610e-01 -5.558013330987955358e-01 -8.332894672465399610e-01 -5.558013330987955358e-01 -8.321606803593176727e-01 -5.543888512509633770e-01 -8.321606531533929374e-01 -5.543888319150713784e-01 -8.321606531533929374e-01 -5.543888319150713784e-01 -8.321606531533929374e-01 -5.543888319150713784e-01
1.360000000000000000e+02 -8.677933949099705391e-01 -5.002910727107382494e-01 -8.677933949099705391e-01 -5.002910727107382494e-01 -8.677933949099705391e-01 -5.002910727107382494e-01 -8.666331206873075788e-01 -4.987321661592019062e-01 -8.666330923151082111e-01 -4.987321480681661257e-01 -8.666330923151082111e-01 -4.987321480681661257e-01 -8.666330923151082111e-01 -4.987321480681661257e-01
1.370000000000000000e+02 -8.987771447584107509e-01 -4.426634429386117620e-01 -8.987771447584107509e-01 -4.426634429386117620e-01 -8.987771447584107509e-01 -4.426634429386117620e-01 -8.973822640750407365e-01 -4.409779425341498471e-01 -8.973822348395826820e-01 -4.409779272550166662e-01 -8.973822348395826820e-01 -4.409779272550166662e-01 -8.973822348395826820e-01 -4.409779272550166662e-01
1.380000000000000000e+02 -9.261473876817136741e-01 -3.828990874281722467e-01 -9.261473876817136741e-01 -3.828990874281722467e-01 -9.261473876817136741e-01 -3.828990874281722467e-01 -9.243001395780980900e-01 -3.813195895396202517e-01 -9.243001105961504704e-01 -3.813195753851221781e-01 -9.243001105961504704e-01 -3.813195753851221781e-01 -9.243001105961504704e-01 -3.813195753851221781e-01
1.390000000000000000e+02 -9.494908030583570913e-01 -3.210692851503226808e-01 -9.494908030583570913e-01 -3.210692851503226808e-01 -9.494908030583570913e-01 -3.210692851503226808e-01 -9.472417015617186076e-01 -3.200576146363915409e-01 -9.472416718273434233e-01 -3.200576038613933694e-01 -9.472416718273434233e-01 -3.200576038613933694e-01 -9.472416718273434233e-01 -3.200576038613933694e-01
1.400000000000000000e+02 -9.683695597124764021e-01 -2.576188944640026568e-01 -9.683695597124764021e-01 -2.576188944640026568e-01 -9.683695597124764021e-01 -2.576188944640026568e-01 -9.661364348256032963e-01 -2.574292345524586412e-01 -9.661364046412712625e-01 -2.574292261796259362e-01 -9.661364046412712625e-01 -2.574292261796259362e-01 -9.661364046412712625e-01 -2.574292261796259362e-01
1.410000000000000000e+02 -9.826445791663306339e-01 -1.931979848840418845e-01 -9.826445791663306339e-01 -1.931979848840418845e-01 -9.826445791663306339e-01 -1.931979848840418845e-01 -9.809103979628351899e-01 -1.937004573565473675e-01 -9.809103671832627436e-01 -1.937004495023824102e-01 -9.809103671832627436e-01 -1.937004495023824102e-01 -9.809103671832627436e-01 -1.937004495023824102e-01
1.420000000000000000e+02 -9.924831010951246091e-01 -1.283679202378024686e-01 -9.924831010951246091e-01 -1.283679202378024686e-01 -9.924831010951246091e-01 -1.283679202378024686e-01 -9.915028261030313095e-01 -1.291439266110146478e-01 -9.915027942198098021e-01 -1.291439216244865684e-01 -9.915027942198098021e-01 -1.291439216244865684e-01 -9.915027942198098021e-01 -1.291439216244865684e-01
1.430000000000000000e+02 -9.981834730735645866e-01 -6.345511817806434585e-02 -9.981834730735645866e-01 -6.345511817806434585e-02 -9.981834730735645866e-01 -6.345511817806434585e-02 -9.978690606226011672e-01 -6.401531177847834264e-02 -9.978690329857630159e-01 -6.401531279086827841e-02 -9.978690329857630159e-01 -6.401531279086827841e-02 -9.978690329857630159e-01 -6.401531279086827841e-02
1.440000000000000000e+02 -9.999965638890374597e-01 1.436919009768211457e-03 -9.999965638890374597e-01 1.436919009768211457e-03 -9.999965638890374597e-01 1.436919009768211457e-03 -9.999870589473750515e-01 1.462894584407653303e-03 -9.999870309220506570e-01 1.462911043477273547e-03 -9.999870309220506570e-01 1.462911043477273547e-03 -9.999870309220506570e-01 1.462911043477273547e-03
1.450000000000000000e+02 -9.980148551981081750e-01 6.632997503853083066e-02 -9.980148551981081750e-01 6.632997503853083066e-02 -9.980148551981081750e-01 6.632997503853083066e-02 -9.976773474462699021e-01 6.690784702544888551e-02 -9.976773205845791415e-01 6.690784463653040581e-02 -9.976773205845791415e-01 6.690784463653040581e-02 -9.976773205845791415e-01 6.690784463653040581e-02
1.460000000000000000e+02 -9.921374633827616529e-01 1.312428712403927444e-01 -9.921374633827616529e-01 1.312428712403927444e-01 -9.921374633827616529e-01 1.312428712403927444e-01 -9.911242402501060367e-01 1.320166229337397523e-01 -9.911242098362618158e-01 1.320166169867092731e-01 -9.911242098362618158e-01 1.320166169867092731e-01 -9.911242098362618158e-01 1.320166169867092731e-01
1.470000000000000000e+02 -9.821084314318601072e-01 1.960638184102186099e-01 -9.821084314318601072e-01 1.960638184102186099e-01 -9.821084314318601072e-01 1.960638184102186099e-01 -9.803453366545744618e-01 1.965424158955200173e-01 -9.803453064703384623e-01 1.965424078708676303e-01 -9.803453064703384623e-01 1.965424078708676303e-01 -9.803453064703384623e-01 1.965424078708676303e-01
1.480000000000000000e+02 -9.676310737319673283e-01 2.604552078994832875e-01 -9.676310737319673283e-01 2.604552078994832875e-01 -9.676310737319673283e-01 2.604552078994832875e-01 -9.653849519637697218e-01 2.602280435996050523e-01 -9.653849215171704801e-01 2.602280350564295519e-01 -9.653849215171704801e-01 2.602280350564295519e-01 -9.653849215171704801e-01 2.602280350564295519e-01
1.490000000000000000e+02 -9.485486673235192789e-01 3.238471675026627361e-01 -9.485486673235192789e-01 3.238471675026627361e-01 -9.485486673235192789e-01 3.238471675026627361e-01 -9.463093104800809341e-01 3.228021913756106143e-01 -9.463092806014821168e-01 3.228021805074695050e-01 -9.463092806014821168e-01 3.228021805074695050e-01 -9.463092806014821168e-01 3.228021805074695050e-01
1.500000000000000000e+02 -9.250160583796279701e-01 3.855919787037798141e-01 -9.250160583796279701e-01 3.855919787037798141e-01 -9.250160583796279701e-01 3.855919787037798141e-01 -9.231918493867841136e-01 3.839986358799168387e-01 -9.231918204888964752e-01 3.839986217097262622e-01 -9.231918204888964752e-01 3.839986217097262622e-01 -9.231918204888964752e-01 3.839986217097262622e-01
1.510000000000000000e+02 -8.974789378255808581e-01 4.452605802906866583e-01 -8.974789378255808581e-01 4.452605802906866583e-01 -8.974789378255808581e-01 4.452605802906866583e-01 -8.960996595648498264e-01 4.435775999317911333e-01 -8.960996303071365743e-01 4.435775845209074530e-01 -8.960996303071365743e-01 4.435775845209074530e-01 -8.960996303071365743e-01 4.435775845209074530e-01
1.520000000000000000e+02 -8.663396818474264904e-01 5.027951356666648941e-01 -8.663396818474264904e-01 5.027951356666648941e-01 -8.663396818474264904e-01 5.027951356666648941e-01 -8.651844807002011528e-01 5.012435444141787322e-01 -8.651844524003972081e-01 5.012435262398772240e-01 -8.651844524003972081e-01 5.012435262398772240e-01 -8.651844524003972081e-01 5.012435262398772240e-01
1.530000000000000000e+02 -8.316788705105828683e-01 5.582083729347462331e-01 -8.316788705105828683e-01 5.582083729347462331e-01 -8.316788705105828683e-01 5.582083729347462331e-01 -8.305486210840630212e-01 5.568008028483482086e-01 -8.305485939009997765e-01 5.568007834657561217e-01 -8.305485939009997765e-01 5.568007834657561217e-01 -8.305485939009997765e-01 5.568007834657561217e-01
1.540000000000000000e+02 -7.934954953132911104e-01 6.112837524821009838e-01 -7.934954953132911104e-01 6.112837524821009838e-01 -7.934954953132911104e-01 6.112837524821009838e-01 -7.923132776474842709e-01 6.099512159503439612e-01 -7.923132507509575984e-01 6.099511951265305099e-01 -7.923132507509575984e-01 6.099511951265305099e-01 -7.923132507509575984e-01 6.099511951265305099e-01
1.550000000000000000e+02 -7.519296593077408053e-01 6.617475232115266337e-01 -7.519296593077408053e-01 6.617475232115266337e-01 -7.519296593077408053e-01 6.617475232115266337e-01 -7.506937977979966092e-01 6.604503700957712331e-01 -7.506937715574173442e-01 6.604503472153743227e-01 -7.506937715574173442e-01 6.604503472153743227e-01 -7.506937715574173442e-01 6.604503472153743227e-01
1.560000000000000000e+02 -7.071655051835880057e-01 7.093838144159257952e-01 -7.071655051835880057e-01 7.093838144159257952e-01 -7.071655051835880057e-01 7.093838144159257952e-01 -7.058923029429634566e-01 7.081119582718419236e-01 -7.058922781517880107e-01 7.081119333946730432e-01 -7.058922781517880107e-01 7.081119333946730432e-01 -7.058922781517880107e-01 7.081119333946730432e-01
1.570000000000000000e+02 -6.593889871155607096e-01 7.539986695151452700e-01 -6.593889871155607096e-01 7.539986695151452700e-01 -6.593889871155607096e-01 7.539986695151452700e-01 -6.580906040668432766e-01 7.527650880386205223e-01 -6.580905812901272078e-01 7.527650617483907514e-01 -6.580905812901272078e-01 7.527650617483907514e-01 -6.580905812901272078e-01 7.527650617483907514e-01
1.580000000000000000e+02 -6.087946178795006213e-01 7.954063712471606262e-01 -6.087946178795006213e-01 7.954063712471606262e-01 -6.087946178795006213e-01 7.954063712471606262e-01 -6.074597409409320248e-01 7.942269468851870240e-01 -6.074597202053489964e-01 7.942269199747965525e-01 -6.074597202053489964e-01 7.942269199747965525e-01 -6.074597202053489964e-01 7.942269199747965525e-01
1.590000000000000000e+02 -5.556002931644281606e-01 8.334229991269713755e-01 -5.556002931644281606e-01 8.334229991269713755e-01 -5.556002931644281606e-01 8.334229991269713755e-01 -5.541873953275551212e-01 8.322943279906166447e-01 -5.541873759955210366e-01 8.322943007827061646e-01 -5.541873759955210366e-01 8.322943007827061646e-01 -5.541873759955210366e-01 8.322943007827061646e-01
1.600000000000000000e+02 -5.000819946668566551e-01 8.679138432867562480e-01 -5.000819946668566551e-01 8.679138432867562480e-01 -5.000819946668566551e-01 8.679138432867562480e-01 -4.985224798737696306e-01 8.667531274617906734e-01 -4.985224617898798560e-01 8.667530990835555782e-01 -4.985224617898798560e-01 8.667530990835555782e-01 -4.985224617898798560e-01 8.667530990835555782e-01
1.610000000000000000e+02 -4.424466300148382492e-01 8.988846180034378852e-01 -4.424466300148382492e-01 8.988846180034378852e-01 -4.424466300148382492e-01 8.988846180034378852e-01 -4.407609401649092984e-01 8.974884165904626343e-01 -4.407609248965543847e-01 8.974883873571530835e-01 -4.407609248965543847e-01 8.974883873571530835e-01 -4.407609248965543847e-01 8.974883873571530835e-01
1.620000000000000000e+02 -3.826743252357873715e-01 9.262409051356635947e-01 -3.826743252357873715e-01 9.262409051356635947e-01 -3.826743252357873715e-01 9.262409051356635947e-01 -3.810960298392608303e-01 9.243917375836333550e-01 -3.810960156864850457e-01 9.243917085941052436e-01 -3.810960156864850457e-01 9.243917085941052436e-01 -3.810960156864850457e-01 9.243917085941052436e-01
1.630000000000000000e+02 -3.208375093990967208e-01 9.495685044439564626e-01 -3.208375093990967208e-01 9.495685044439564626e-01 -3.208375093990967208e-01 9.495685044439564626e-01 -3.198286305060605295e-01 9.473186306716797622e-01 -3.198286197372305351e-01 9.473186009493745896e-01 -3.198286197372305351e-01 9.473186009493745896e-01 -3.198286197372305351e-01 9.473186009493745896e-01
1.640000000000000000e+02 -2.573823385222184235e-01 9.684302721974130668e-01 -2.573823385222184235e-01 9.684302721974130668e-01 -2.573823385222184235e-01 9.684302721974130668e-01 -2.571957748830593915e-01 9.661982807522707661e-01 -2.571957665202694310e-01 9.661982505909877395e-01 -2.571957665202694310e-01 9.661982505909877395e-01 -2.571957665202694310e-01 9.661982505909877395e-01
1.650000000000000000e+02 -1.929590488781077195e-01 9.826884433594821333e-01 -1.929590488781077195e-01 9.826884433594821333e-01 -1.929590488781077195e-01 9.826884433594821333e-01 -1.934635056177267665e-01 9.809567048302453296e-01 -1.934634977932472299e-01 9.809566740035455812e-01 -1.934634977932472299e-01 9.809566740035455812e-01 -1.934634977932472299e-01 9.809566740035455812e-01
1.660000000000000000e+02 -1.281282816996320295e-01 9.925111166326254786e-01 -1.281282816996320295e-01 9.925111166326254786e-01 -1.281282816996320295e-01 9.925111166326254786e-01 -1.289045031317681278e-01 9.915336516676662715e-01 -1.289044983018101387e-01 9.915336197300081977e-01 -1.289044983018101387e-01 9.915336197300081977e-01 -1.289044983018101387e-01 9.915336197300081977e-01
1.670000000000000000e+02 -6.321552350044189195e-02 9.981967612145746793e-01 -6.321552350044189195e-02 9.981967612145746793e-01 -6.321552350044189195e-02 9.981967612145746793e-01 -6.377377120572462477e-02 9.978844608886940915e-01 -6.377377059174729745e-02 9.978844340743003860e-01 -6.377377059174729745e-02 9.978844340743003860e-01 -6.377377059174729745e-02 9.978844340743003860e-01
1.680000000000000000e+02 1.676404859000180493e-03 9.999958115842365602e-01 1.676404859000180493e-03 9.999958115842365602e-01 1.676404859000180493e-03 9.999958115842365602e-01 1.704769121373801710e-03 9.999846592428738301e-01 1.704781777081339428e-03 9.999846280689950184e-01 1.704781777081339428e-03 9.999846280689950184e-01 1.704781777081339428e-03 9.999846280689950184e-01
1.690000000000000000e+02 6.656952213723871248e-02 9.980000459406186408e-01 6.656952213723871248e-02 9.980000459406186408e-01 6.656952213723871248e-02 9.980000459406186408e-01 6.714930737223104296e-02 9.976605364637705087e-01 6.714930657632445232e-02 9.976605094595281109e-01 6.714930657632445232e-02 9.976605094595281109e-01 6.714930657632445232e-02 9.976605094595281109e-01
1.700000000000000000e+02 1.314823910028750098e-01 9.921078838488500695e-01 1.314823910028750098e-01 9.921078838488500695e-01 1.314823910028750098e-01 9.921078838488500695e-01 1.322560054860618672e-01 9.910919345640242240e-01 1.322559995549512923e-01 9.910919042950552260e-01 1.322559995549512923e-01 9.910919042950552260e-01 1.322559995549512923e-01 9.910919042950552260e-01
1.710000000000000000e+02 1.963025226053013994e-01 9.820629546237632512e-01 1.963025226053013994e-01 9.820629546237632512e-01 1.963025226053013994e-01 9.820629546237632512e-01 1.967791259673727922e-01 9.802974760285524392e-01 1.967791179438042604e-01 9.802974458929841761e-01 1.967791179438042604e-01 9.802974458929841761e-01 1.967791179438042604e-01 9.802974458929841761e-01
1.720000000000000000e+02 2.606913744612074368e-01 9.675687280301163984e-01 2.606913744612074368e-01 9.675687280301163984e-01 2.606913744612074368e-01 9.675687280301163984e-01 2.604610571167479405e-01 9.653215758531806800e-01 2.604610485555081678e-01 9.653215453864169016e-01 2.604610485555081678e-01 9.653215453864169016e-01 2.604610485555081678e-01 9.653215453864169016e-01
1.730000000000000000e+02 3.240783791877638875e-01 9.484693746708690032e-01 3.240783791877638875e-01 9.484693746708690032e-01 3.240783791877638875e-01 9.484693746708690032e-01 3.230306443482253709e-01 9.462308700723599530e-01 3.230306334707607752e-01 9.462308401819300441e-01 3.230306334707607752e-01 9.462308401819300441e-01 3.230306334707607752e-01 9.462308401819300441e-01
1.740000000000000000e+02 3.858160434479702694e-01 9.249210546526065446e-01 3.858160434479702694e-01 9.249210546526065446e-01 3.858160434479702694e-01 9.249210546526065446e-01 3.842215951790834971e-01 9.230987650632150876e-01 3.842215810079571137e-01 9.230987361717402084e-01 3.842215810079571137e-01 9.230987361717402084e-01 3.842215810079571137e-01 9.230987361717402084e-01
1.750000000000000000e+02 4.454766405832153997e-01 8.973700808522161454e-01 4.454766405832153997e-01 8.973700808522161454e-01 4.454766405832153997e-01 8.973700808522161454e-01 4.437938903375411859e-01 8.959920821353604126e-01 4.437938749154924922e-01 8.959920528760918490e-01 4.437938749154924922e-01 8.959920528760918490e-01 4.437938749154924922e-01 8.959920528760918490e-01
1.760000000000000000e+02 5.030034234316868025e-01 8.662178856311897324e-01 5.030034234316868025e-01 8.662178856311897324e-01 5.030034234316868025e-01 8.662178856311897324e-01 5.014524427990106892e-01 8.650630884940817555e-01 5.014524246179730138e-01 8.650630602002999936e-01 5.014524246179730138e-01 8.650630602002999936e-01 5.014524246179730138e-01 8.650630602002999936e-01
1.770000000000000000e+02 5.584085337919721947e-01 8.315440140755727683e-01 5.584085337919721947e-01 8.315440140755727683e-01 5.584085337919721947e-01 8.315440140755727683e-01 5.570013662825101797e-01 8.304136367996723944e-01 5.570013468959891245e-01 8.304136096184346894e-01 5.570013468959891245e-01 8.304136096184346894e-01 5.570013468959891245e-01 8.304136096184346894e-01
1.780000000000000000e+02 6.114747156193408584e-01 7.933478453405989894e-01 6.114747156193408584e-01 7.933478453405989894e-01 6.114747156193408584e-01 7.933478453405989894e-01 6.101423560815801839e-01 7.921654136225247944e-01 6.101423352509203202e-01 7.921653867271220006e-01 6.101423352509203202e-01 7.921653867271220006e-01 6.101423352509203202e-01 7.921653867271220006e-01
1.790000000000000000e+02 6.619284005326490083e-01 7.517698825168517285e-01 6.619284005326490083e-01 7.517698825168517285e-01 6.619284005326490083e-01 7.517698825168517285e-01 6.606313415249606136e-01 7.505338479157189768e-01 6.606313186366049583e-01 7.505338216790534700e-01 6.606313186366049583e-01 7.505338216790534700e-01 6.606313186366049583e-01 7.505338216790534700e-01
1.800000000000000000e+02 7.095538684372848515e-01 7.069942822652482972e-01 7.095538684372848515e-01 7.069942822652482972e-01 7.095538684372848515e-01 7.069942822652482972e-01 7.082821178693259334e-01 7.057209784748100789e-01 7.082820929856111780e-01 7.057209536903179536e-01 7.082820929856111780e-01 7.057209536903179536e-01 7.082820929856111780e-01 7.057209536903179536e-01
1.810000000000000000e+02 7.541572047080533636e-01 6.592070177650553031e-01 7.541572047080533636e-01 6.592070177650553031e-01 7.541572047080533636e-01 6.592070177650553031e-01 7.529238008827127127e-01 6.579085395520665180e-01 7.529237745887582545e-01 6.579085167833412795e-01 7.529237745887582545e-01 6.579085167833412795e-01 7.529237745887582545e-01 6.579085167833412795e-01
1.820000000000000000e+02 7.955527094606469340e-01 6.086026453994376473e-01 7.955527094606469340e-01 6.086026453994376473e-01 7.955527094606469340e-01 6.086026453994376473e-01 7.943735007287009431e-01 6.072675853010043312e-01 7.943734738172996135e-01 6.072675645721469229e-01 7.943734738172996135e-01 6.072675645721469229e-01 7.943734738172996135e-01 6.072675645721469229e-01
1.830000000000000000e+02 8.335564826059439492e-01 5.553992217774149642e-01 8.335564826059439492e-01 5.553992217774149642e-01 8.335564826059439492e-01 5.553992217774149642e-01 8.324279261670286534e-01 5.539859068263306430e-01 8.324278989571178844e-01 5.539858874981488102e-01 8.324278989571178844e-01 5.539858874981488102e-01 8.324278989571178844e-01 5.539858874981488102e-01
1.840000000000000000e+02 8.680342437663025601e-01 4.998728883491571073e-01 8.680342437663025601e-01 4.998728883491571073e-01 8.680342437663025601e-01 4.998728883491571073e-01 8.668730833376351308e-01 4.983127654626948733e-01 8.668730549533626428e-01 4.983127473859816914e-01 8.668730549533626428e-01 4.983127473859816914e-01 8.668730549533626428e-01 4.983127473859816914e-01
1.850000000000000000e+02 8.989920424769335394e-01 4.422297879390630904e-01 8.989920424769335394e-01 4.422297879390630904e-01 8.989920424769335394e-01 4.422297879390630904e-01 8.975945170936752149e-01 4.405439117514720615e-01 8.975944878625565782e-01 4.405438964938611646e-01 8.975944878625565782e-01 4.405438964938611646e-01 8.975944878625565782e-01 4.405438964938611646e-01
1.860000000000000000e+02 9.263343676094309975e-01 3.824495344248095008e-01 9.263343676094309975e-01 3.824495344248095008e-01 9.263343676094309975e-01 3.824495344248095008e-01 9.244832807055433088e-01 3.808724489714014894e-01 9.244832517083482193e-01 3.808724348204170496e-01 9.244832517083482193e-01 3.808724348204170496e-01 9.244832517083482193e-01 3.808724348204170496e-01
1.870000000000000000e+02 9.496461443727328700e-01 3.206057114536909891e-01 9.496461443727328700e-01 3.206057114536909891e-01 9.496461443727328700e-01 3.206057114536909891e-01 9.473955042181878561e-01 3.195996265112644452e-01 9.473954745079352646e-01 3.195996157483533273e-01 9.473954745079352646e-01 3.195996157483533273e-01 9.473954745079352646e-01 3.195996157483533273e-01
1.880000000000000000e+02 9.684909213736579980e-01 2.571457697559443867e-01 9.684909213736579980e-01 2.571457697559443867e-01 9.684909213736579980e-01 2.571457697559443867e-01 9.662600705918136246e-01 2.569622977174750855e-01 9.662600404536777488e-01 2.569622893640528538e-01 9.662600404536777488e-01 2.569622893640528538e-01 9.662600404536777488e-01 2.569622893640528538e-01
1.890000000000000000e+02 9.827322468557244672e-01 1.927201079448316312e-01 9.827322468557244672e-01 1.927201079448316312e-01 9.827322468557244672e-01 1.927201079448316312e-01 9.810029571479946808e-01 1.932265478264371950e-01 9.810029262750885604e-01 1.932265400339671646e-01 9.810029262750885604e-01 1.932265400339671646e-01 9.810029262750885604e-01 1.932265400339671646e-01
1.900000000000000000e+02 9.925390758773636746e-01 1.278886426584072700e-01 9.925390758773636746e-01 1.278886426584072700e-01 9.925390758773636746e-01 1.278886426584072700e-01 9.915644359691190290e-01 1.286650770641643016e-01 9.915644039933979581e-01 1.286650723968731092e-01 9.915644039933979581e-01 1.286650723968731092e-01 9.915644039933979581e-01 1.286650723968731092e-01
1.910000000000000000e+02 9.982099967023011500e-01 6.297592954562609979e-02 9.982099967023011500e-01 6.297592954562609979e-02 9.982099967023011500e-01 6.297592954562609979e-02 9.978996128703787605e-01 6.353218163929684470e-02 9.978995860437687160e-01 6.353217921552593850e-02 9.978995860437687160e-01 6.353217921552593850e-02 9.978995860437687160e-01 6.353217921552593850e-02
1.920000000000000000e+02 9.999950079591510832e-01 -1.915890530544583047e-03 9.999950079591510832e-01 -1.915890530544583047e-03 9.999950079591510832e-01 -1.915890530544583047e-03 9.999826346406339717e-01 -1.946410211405397725e-03 9.999826023035620626e-01 -1.946418732749821646e-03 9.999826023035620626e-01 -1.946418732749821646e-03 9.999826023035620626e-01 -1.946418732749821646e-03
1.930000000000000000e+02 9.979851839120476020e-01 -6.680906955438273287e-02 9.979851839120476020e-01 -6.680906955438273287e-02 9.979851839120476020e-01 -6.680906955438273287e-02 9.976435059181018028e-01 -6.739071188112107091e-02 9.976434781362466531e-01 -6.739071243161344482e-02 9.976434781362466531e-01 -6.739071243161344482e-02 9.976434781362466531e-01 -6.739071243161344482e-02
1.940000000000000000e+02 9.920782478411617200e-01 -1.317219097201992317e-01 9.920782478411617200e-01 -1.317219097201992317e-01 9.920782478411617200e-01 -1.317219097201992317e-01 9.910595676750822980e-01 -1.324953954370531040e-01 9.910595375468319590e-01 -1.324953895368232437e-01 9.910595375468319590e-01 -1.324953895368232437e-01 9.910595375468319590e-01 -1.324953895368232437e-01
1.950000000000000000e+02 9.820174169873334691e-01 -1.965412211427097489e-01 9.820174169873334691e-01 -1.965412211427097489e-01 9.820174169873334691e-01 -1.965412211427097489e-01 9.802495572731707574e-01 -1.970158296115041563e-01 9.802495271856140890e-01 -1.970158215912582722e-01 9.802495271856140890e-01 -1.970158215912582722e-01 9.802495271856140890e-01 -1.970158215912582722e-01
1.960000000000000000e+02 9.675063190907976507e-01 -2.609275273213256252e-01 9.675063190907976507e-01 -2.609275273213256252e-01 9.675063190907976507e-01 -2.609275273213256252e-01 9.652581448069669223e-01 -2.606940529096709036e-01 9.652581143203657899e-01 -2.606940443298211840e-01 9.652581143203657899e-01 -2.606940443298211840e-01 9.652581143203657899e-01 -2.606940443298211840e-01
1.970000000000000000e+02 9.483900209366328271e-01 -3.243095678408740579e-01 9.483900209366328271e-01 -3.243095678408740579e-01 9.483900209366328271e-01 -3.243095678408740579e-01 9.461523746967940296e-01 -3.232590769071045922e-01 9.461523447945814347e-01 -3.232590660200819754e-01 9.461523447945814347e-01 -3.232590660200819754e-01 9.461523447945814347e-01 -3.232590660200819754e-01
1.980000000000000000e+02 9.248259964969089975e-01 -3.860400790276982685e-01 9.248259964969089975e-01 -3.860400790276982685e-01 9.248259964969089975e-01 -3.860400790276982685e-01 9.230056259776219241e-01 -3.844445325827089976e-01 9.230055970924649911e-01 -3.844445184106966562e-01 9.230055970924649911e-01 -3.844445184106966562e-01 9.230055970924649911e-01 -3.844445184106966562e-01
1.990000000000000000e+02 8.972611754764234782e-01 -4.456926714471484696e-01 8.972611754764234782e-01 -4.456926714471484696e-01 8.972611754764234782e-01 -4.456926714471484696e-01 8.958844530300313913e-01 -4.440101542471598384e-01 8.958844237692519252e-01 -4.440101388139183203e-01 8.958844237692519252e-01 -4.440101388139183203e-01 8.958844237692519252e-01 -4.440101388139183203e-01
2.000000000000000000e+02 8.660960416591515498e-01 -5.032116825142036731e-01 8.660960416591515498e-01 -5.032116825142036731e-01 8.660960416591515498e-01 -5.032116825142036731e-01 8.649416456021327138e-01 -5.016613125196277556e-01 8.649416173143685826e-01 -5.016612943318844442e-01 8.649416173143685826e-01 -5.016612943318844442e-01 8.649416173143685826e-01 -5.016612943318844442e-01
